FORMAT 1
 fake.rf 1440.00000000 50000.78643623630606996 0.10000 7 
 fake.rf 1440.00000000 50014.45100698154648811 0.10000 7 
 fake.rf 1440.00000000 50028.67192508834467546 0.10000 7 
 fake.rf 1440.00000000 50042.64392622683349998 0.10000 7 
 fake.rf 1440.00000000 50056.68117175291028076 0.10000 7 
 fake.rf 1440.00000000 50070.16688166292063400 0.10000 7 
 fake.rf 1440.00000000 50084.22043651913921991 0.10000 7 
 fake.rf 1440.00000000 50098.47088171656797684 0.10000 7 
 fake.rf 1440.00000000 50112.10568567634168247 0.10000 7 
 fake.rf 1440.00000000 50126.25158977831770102 0.10000 7 
 fake.rf 1440.00000000 50140.16231512973784135 0.10000 7 
 fake.rf 1440.00000000 50154.22507163495254545 0.10000 7 
 fake.rf 1440.00000000 50168.01078795733676685 0.10000 7 
 fake.rf 1440.00000000 50182.07163951837072347 0.10000 7 
 fake.rf 1440.00000000 50196.32596596612468431 0.10000 7 
 fake.rf 1440.00000000 50210.26371682371323502 0.10000 7 
 fake.rf 1440.00000000 50224.03850183121885919 0.10000 7 
 fake.rf 1440.00000000 50238.05466591649969743 0.10000 7 
 fake.rf 1440.00000000 50251.63264357654981751 0.10000 7 
 fake.rf 1440.00000000 50265.90466173064226041 0.10000 7 
 fake.rf 1440.00000000 50279.47265682020730893 0.10000 7 
 fake.rf 1440.00000000 50293.58548823160489150 0.10000 7 
 fake.rf 1440.00000000 50307.47682537173378137 0.10000 7 
 fake.rf 1440.00000000 50321.88322942554571426 0.10000 7 
 fake.rf 1440.00000000 50335.41333820997756732 0.10000 7 
 fake.rf 1440.00000000 50349.53795567116313592 0.10000 7 
 fake.rf 1440.00000000 50363.31896030747827098 0.10000 7 
 fake.rf 1440.00000000 50377.26674649167532749 0.10000 7 
 fake.rf 1440.00000000 50391.82193089015908072 0.10000 7 
 fake.rf 1440.00000000 50405.26325979105100217 0.10000 7 
 fake.rf 1440.00000000 50419.42148401518713285 0.10000 7 
 fake.rf 1440.00000000 50433.60071120822740909 0.10000 7 
 fake.rf 1440.00000000 50447.41150353853138100 0.10000 7 
 fake.rf 1440.00000000 50461.16220532808312882 0.10000 7 
 fake.rf 1440.00000000 50475.35165966705186236 0.10000 7 
 fake.rf 1440.00000000 50489.23792353820222800 0.10000 7 
 fake.rf 1440.00000000 50503.17922801375704367 0.10000 7 
 fake.rf 1440.00000000 50517.46046331442222055 0.10000 7 
 fake.rf 1440.00000000 50530.96873176539131478 0.10000 7 
 fake.rf 1440.00000000 50545.24973297835271424 0.10000 7 
 fake.rf 1440.00000000 50559.04843173297453518 0.10000 7 
 fake.rf 1440.00000000 50573.17231823409905189 0.10000 7 
 fake.rf 1440.00000000 50586.88763539346648201 0.10000 7 
 fake.rf 1440.00000000 50601.17694321804880886 0.10000 7 
 fake.rf 1440.00000000 50614.73324067215957456 0.10000 7 
 fake.rf 1440.00000000 50628.74111034456788261 0.10000 7 
 fake.rf 1440.00000000 50643.00639505755028935 0.10000 7 
 fake.rf 1440.00000000 50657.04237027163746987 0.10000 7 
 fake.rf 1440.00000000 50670.43796343067992538 0.10000 7 
 fake.rf 1440.00000000 50684.98611857736516484 0.10000 7 
 fake.rf 1440.00000000 50698.66567135483365192 0.10000 7 
 fake.rf 1440.00000000 50712.33415228449589662 0.10000 7 
 fake.rf 1440.00000000 50726.36669820581383661 0.10000 7 
 fake.rf 1440.00000000 50740.64248083570599590 0.10000 7 
 fake.rf 1440.00000000 50754.75559190421802214 0.10000 7 
 fake.rf 1440.00000000 50768.35647274940057372 0.10000 7 
 fake.rf 1440.00000000 50782.12843227370902355 0.10000 7 
 fake.rf 1440.00000000 50796.06077402479698790 0.10000 7 
 fake.rf 1440.00000000 50810.31433370072641509 0.10000 7 
 fake.rf 1440.00000000 50824.01303705306931491 0.10000 7 
 fake.rf 1440.00000000 50838.09160038110065472 0.10000 7 
 fake.rf 1440.00000000 50852.54161045107566963 0.10000 7 
 fake.rf 1440.00000000 50866.45776701211891080 0.10000 7 
 fake.rf 1440.00000000 50880.38534873217643195 0.10000 7 
 fake.rf 1440.00000000 50893.95761997692823186 0.10000 7 
 fake.rf 1440.00000000 50908.10145700739934327 0.10000 7 
 fake.rf 1440.00000000 50921.95352871240218917 0.10000 7 
 fake.rf 1440.00000000 50936.17199709855519174 0.10000 7 
 fake.rf 1440.00000000 50949.96862881347698249 0.10000 7 
 fake.rf 1440.00000000 50964.03386167778838356 0.10000 7 
 fake.rf 1440.00000000 50977.90489072282361604 0.10000 7 
 fake.rf 1440.00000000 50991.53844727921075375 0.10000 7 
 fake.rf 1440.00000000 51005.76579270484446837 0.10000 7 
 fake.rf 1440.00000000 51020.05703160076856761 0.10000 7 
 fake.rf 1440.00000000 51034.01812205426923086 0.10000 7 
 fake.rf 1440.00000000 51047.83999101715925661 0.10000 7 
 fake.rf 1440.00000000 51061.51065899630726719 0.10000 7 
 fake.rf 1440.00000000 51075.77526020407942298 0.10000 7 
 fake.rf 1440.00000000 51089.67133045430719207 0.10000 7 
 fake.rf 1440.00000000 51103.44248426904281146 0.10000 7 
 fake.rf 1440.00000000 51117.62680001459369095 0.10000 7 
 fake.rf 1440.00000000 51131.24064914600237231 0.10000 7 
 fake.rf 1440.00000000 51145.38517665945737889 0.10000 7 
 fake.rf 1440.00000000 51159.64026438289561938 0.10000 7 
 fake.rf 1440.00000000 51173.56812222149280700 0.10000 7 
 fake.rf 1440.00000000 51187.19732019926706101 0.10000 7 
 fake.rf 1440.00000000 51201.09151484698534418 0.10000 7 
 fake.rf 1440.00000000 51215.49622494040746901 0.10000 7 
 fake.rf 1440.00000000 51229.09599068764233820 0.10000 7 
 fake.rf 1440.00000000 51243.28197110159857885 0.10000 7 
 fake.rf 1440.00000000 51257.42361061694619551 0.10000 7 
 fake.rf 1440.00000000 51271.14016581951331375 0.10000 7 
 fake.rf 1440.00000000 51285.14771564612824051 0.10000 7 
 fake.rf 1440.00000000 51299.24373779903682191 0.10000 7 
 fake.rf 1440.00000000 51312.92610079438456694 0.10000 7 
 fake.rf 1440.00000000 51327.21081462310478827 0.10000 7 
 fake.rf 1440.00000000 51340.82223313091576600 0.10000 7 
 fake.rf 1440.00000000 51355.06156057426642647 0.10000 7 
 fake.rf 1440.00000000 51368.93630224903730053 0.10000 7 
 fake.rf 1440.00000000 51383.04924518731558436 0.10000 7 
 fake.rf 1440.00000000 51396.72536487270404848 0.10000 7 
 fake.rf 1440.00000000 51410.50936169016365440 0.10000 7 
 fake.rf 1440.00000000 51424.96075387759840680 0.10000 7 
 fake.rf 1440.00000000 51438.90244510003424239 0.10000 7 
 fake.rf 1440.00000000 51452.34924018049626682 0.10000 7 
 fake.rf 1440.00000000 51466.79994888647184581 0.10000 7 
 fake.rf 1440.00000000 51480.60173509335155728 0.10000 7 
 fake.rf 1440.00000000 51494.42409091553896161 0.10000 7 
 fake.rf 1440.00000000 51508.51096025482709351 0.10000 7 
 fake.rf 1440.00000000 51522.24704278323097739 0.10000 7 
 fake.rf 1440.00000000 51536.54544514980091208 0.10000 7 
 fake.rf 1440.00000000 51550.18818963709931680 0.10000 7 
 fake.rf 1440.00000000 51564.24301404741769517 0.10000 7 
 fake.rf 1440.00000000 51578.05750332553903093 0.10000 7 
 fake.rf 1440.00000000 51591.99356159090460139 0.10000 7 
 fake.rf 1440.00000000 51606.01446989384715991 0.10000 7 
 fake.rf 1440.00000000 51620.16304988254730901 0.10000 7 
 fake.rf 1440.00000000 51634.03152883037105525 0.10000 7 
 fake.rf 1440.00000000 51647.82870661569521786 0.10000 7 
 fake.rf 1440.00000000 51662.28194511313434845 0.10000 7 
 fake.rf 1440.00000000 51675.70796388833381485 0.10000 7 
 fake.rf 1440.00000000 51689.68500727182755483 0.10000 7 
 fake.rf 1440.00000000 51703.89302702571094983 0.10000 7 
 fake.rf 1440.00000000 51718.03148838828158418 0.10000 7 
 fake.rf 1440.00000000 51732.14277994773183522 0.10000 7 
 fake.rf 1440.00000000 51746.07138878659480952 0.10000 7 
 fake.rf 1440.00000000 51759.86612340238280083 0.10000 7 
 fake.rf 1440.00000000 51773.62705955033409211 0.10000 7 
 fake.rf 1440.00000000 51787.83322184917602371 0.10000 7 
 fake.rf 1440.00000000 51801.54092422314234767 0.10000 7 
 fake.rf 1440.00000000 51815.45302935524830446 0.10000 7 
 fake.rf 1440.00000000 51829.37353740406358682 0.10000 7 
 fake.rf 1440.00000000 51843.57012929940771429 0.10000 7 
 fake.rf 1440.00000000 51857.30518607935514552 0.10000 7 
 fake.rf 1440.00000000 51871.20561137823300513 0.10000 7 
 fake.rf 1440.00000000 51885.55389112106515626 0.10000 7 
 fake.rf 1440.00000000 51899.11121601057419994 0.10000 7 
 fake.rf 1440.00000000 51913.51832022007397782 0.10000 7 
 fake.rf 1440.00000000 51927.06051517737878598 0.10000 7 
 fake.rf 1440.00000000 51941.40960212412513641 0.10000 7 
 fake.rf 1440.00000000 51954.92434829651599415 0.10000 7 
 fake.rf 1440.00000000 51969.46983839972424946 0.10000 7 
 fake.rf 1440.00000000 51982.83322917727139156 0.10000 7 
 fake.rf 1440.00000000 51997.10769251045703143 0.10000 7 
 fake.rf 1440.00000000 52010.83923129686730391 0.10000 7 
 fake.rf 1440.00000000 52024.84357300587247508 0.10000 7 
 fake.rf 1440.00000000 52039.17717073464021027 0.10000 7 
 fake.rf 1440.00000000 52053.09551560857633135 0.10000 7 
 fake.rf 1440.00000000 52067.00656235209246603 0.10000 7 
 fake.rf 1440.00000000 52081.17556392962236700 0.10000 7 
 fake.rf 1440.00000000 52094.91870669303097330 0.10000 7 
 fake.rf 1440.00000000 52108.96066496077811436 0.10000 7 
 fake.rf 1440.00000000 52122.47826928556492376 0.10000 7 
 fake.rf 1440.00000000 52136.46765786363885908 0.10000 7 
 fake.rf 1440.00000000 52150.68630353743051842 0.10000 7 
 fake.rf 1440.00000000 52164.35342555733746295 0.10000 7 
 fake.rf 1440.00000000 52178.30964900685602004 0.10000 7 
 fake.rf 1440.00000000 52192.36125536731474028 0.10000 7 
 fake.rf 1440.00000000 52206.49420625506276039 0.10000 7 
 fake.rf 1440.00000000 52220.69481804018534632 0.10000 7 
 fake.rf 1440.00000000 52234.49235289018568196 0.10000 7 
 fake.rf 1440.00000000 52248.57563492595994958 0.10000 7 
 fake.rf 1440.00000000 52262.06831419545147455 0.10000 7 
 fake.rf 1440.00000000 52276.10066699051690975 0.10000 7 
 fake.rf 1440.00000000 52290.62389858842639967 0.10000 7 
 fake.rf 1440.00000000 52304.05522921649258450 0.10000 7 
 fake.rf 1440.00000000 52318.47408782213702594 0.10000 7 
 fake.rf 1440.00000000 52331.92620361253465688 0.10000 7 
 fake.rf 1440.00000000 52346.46953126424960701 0.10000 7 
 fake.rf 1440.00000000 52359.80214423235807431 0.10000 7 
 fake.rf 1440.00000000 52374.30823970882026330 0.10000 7 
 fake.rf 1440.00000000 52387.73787289514922705 0.10000 7 
 fake.rf 1440.00000000 52401.65420204321570452 0.10000 7 
 fake.rf 1440.00000000 52416.22858103168353594 0.10000 7 
 fake.rf 1440.00000000 52429.97090365721861005 0.10000 7 
 fake.rf 1440.00000000 52443.65699760861202705 0.10000 7 
 fake.rf 1440.00000000 52457.60727770038605300 0.10000 7 
 fake.rf 1440.00000000 52471.72142415362817758 0.10000 7 
 fake.rf 1440.00000000 52486.03075568668838358 0.10000 7 
 fake.rf 1440.00000000 52499.93030862318288499 0.10000 7 
 fake.rf 1440.00000000 52513.58501600727642256 0.10000 7 
 fake.rf 1440.00000000 52527.67571638041898652 0.10000 7 
 fake.rf 1440.00000000 52541.65545366426790963 0.10000 7 
 fake.rf 1440.00000000 52555.53265813543053753 0.10000 7 
 fake.rf 1440.00000000 52569.65097312018505704 0.10000 7 
 fake.rf 1440.00000000 52583.22091549208930417 0.10000 7 
 fake.rf 1440.00000000 52597.47013468601587505 0.10000 7 
 fake.rf 1440.00000000 52611.58289922315661258 0.10000 7 
 fake.rf 1440.00000000 52625.24267400346173318 0.10000 7 
 fake.rf 1440.00000000 52639.66307015508215983 0.10000 7 
 fake.rf 1440.00000000 52653.34800585393049843 0.10000 7 
 fake.rf 1440.00000000 52667.51020821853274612 0.10000 7 
 fake.rf 1440.00000000 52681.38544582570706254 0.10000 7 
 fake.rf 1440.00000000 52695.26795354745229361 0.10000 7 
 fake.rf 1440.00000000 52708.83406810012030874 0.10000 7 
 fake.rf 1440.00000000 52723.27076338446525483 0.10000 7 
 fake.rf 1440.00000000 52737.28949442520874413 0.10000 7 
 fake.rf 1440.00000000 52751.31269366463486037 0.10000 7 
 fake.rf 1440.00000000 52765.23973082374574162 0.10000 7 
 fake.rf 1440.00000000 52779.17334889607493054 0.10000 7 
 fake.rf 1440.00000000 52793.23405389533596832 0.10000 7 
 fake.rf 1440.00000000 52807.03874588288470449 0.10000 7 
 fake.rf 1440.00000000 52821.10688989663990611 0.10000 7 
 fake.rf 1440.00000000 52835.12215011039319634 0.10000 7 
 fake.rf 1440.00000000 52848.87278040850498328 0.10000 7 
 fake.rf 1440.00000000 52862.72147311294387251 0.10000 7 
 fake.rf 1440.00000000 52876.46105336901351279 0.10000 7 
 fake.rf 1440.00000000 52890.86685655331602618 0.10000 7 
 fake.rf 1440.00000000 52904.86792178308374801 0.10000 7 
 fake.rf 1440.00000000 52918.28839297484875814 0.10000 7 
 fake.rf 1440.00000000 52932.63197514031164914 0.10000 7 
 fake.rf 1440.00000000 52946.32597380174773605 0.10000 7 
 fake.rf 1440.00000000 52960.54203811458243578 0.10000 7 
 fake.rf 1440.00000000 52974.23691691935127679 0.10000 7 
 fake.rf 1440.00000000 52988.51301285745130443 0.10000 7 
 fake.rf 1440.00000000 53002.21895155935791522 0.10000 7 
