FORMAT 1
 fake.rf 1440.00000000 50000.52025181759479366 0.10000 7 
 fake.rf 1440.00000000 50014.41712634958713934 0.10000 7 
 fake.rf 1440.00000000 50028.27405562489293445 0.10000 7 
 fake.rf 1440.00000000 50042.60843705253089908 0.10000 7 
 fake.rf 1440.00000000 50056.29726712735767080 0.10000 7 
 fake.rf 1440.00000000 50070.54402485357287134 0.10000 7 
 fake.rf 1440.00000000 50084.41216804929889861 0.10000 7 
 fake.rf 1440.00000000 50098.68112845354097473 0.10000 7 
 fake.rf 1440.00000000 50112.18195326026906855 0.10000 7 
 fake.rf 1440.00000000 50126.32110376415473496 0.10000 7 
 fake.rf 1440.00000000 50140.39831885424904101 0.10000 7 
 fake.rf 1440.00000000 50153.95610076723244930 0.10000 7 
 fake.rf 1440.00000000 50168.15667661086779106 0.10000 7 
 fake.rf 1440.00000000 50182.19915487292849932 0.10000 7 
 fake.rf 1440.00000000 50196.39544757843003708 0.10000 7 
 fake.rf 1440.00000000 50210.02828781823186333 0.10000 7 
 fake.rf 1440.00000000 50223.91368413900605105 0.10000 7 
 fake.rf 1440.00000000 50238.21634695580988961 0.10000 7 
 fake.rf 1440.00000000 50251.90267344482173684 0.10000 7 
 fake.rf 1440.00000000 50265.57692617491153442 0.10000 7 
 fake.rf 1440.00000000 50279.76650777011656857 0.10000 7 
 fake.rf 1440.00000000 50293.89730727150201162 0.10000 7 
 fake.rf 1440.00000000 50308.01558919092229871 0.10000 7 
 fake.rf 1440.00000000 50321.57779538851115930 0.10000 7 
 fake.rf 1440.00000000 50335.83395884744608750 0.10000 7 
 fake.rf 1440.00000000 50349.66738230216439121 0.10000 7 
 fake.rf 1440.00000000 50363.62847994652240047 0.10000 7 
 fake.rf 1440.00000000 50377.47226711900482243 0.10000 7 
 fake.rf 1440.00000000 50391.70546209502639812 0.10000 7 
 fake.rf 1440.00000000 50405.31421505021940632 0.10000 7 
 fake.rf 1440.00000000 50419.56883366875667818 0.10000 7 
 fake.rf 1440.00000000 50433.14330194064126545 0.10000 7 
 fake.rf 1440.00000000 50447.35382214667275136 0.10000 7 
 fake.rf 1440.00000000 50461.50359610969636748 0.10000 7 
 fake.rf 1440.00000000 50475.45067186522727809 0.10000 7 
 fake.rf 1440.00000000 50489.38824823488104343 0.10000 7 
 fake.rf 1440.00000000 50503.15633930014068653 0.10000 7 
 fake.rf 1440.00000000 50517.00978430370783556 0.10000 7 
 fake.rf 1440.00000000 50531.25454717269989047 0.10000 7 
 fake.rf 1440.00000000 50545.22835578561482350 0.10000 7 
 fake.rf 1440.00000000 50559.25917736394908175 0.10000 7 
 fake.rf 1440.00000000 50572.95271468029888950 0.10000 7 
 fake.rf 1440.00000000 50587.18919795736431411 0.10000 7 
 fake.rf 1440.00000000 50600.79215478274749174 0.10000 7 
 fake.rf 1440.00000000 50615.23306309429318617 0.10000 7 
 fake.rf 1440.00000000 50629.03739847479216962 0.10000 7 
 fake.rf 1440.00000000 50642.97808829199366443 0.10000 7 
 fake.rf 1440.00000000 50656.67595230499374992 0.10000 7 
 fake.rf 1440.00000000 50670.82117657928870003 0.10000 7 
 fake.rf 1440.00000000 50684.48641895129316026 0.10000 7 
 fake.rf 1440.00000000 50698.56342841521222553 0.10000 7 
 fake.rf 1440.00000000 50712.93646035325272692 0.10000 7 
 fake.rf 1440.00000000 50726.77072828585622233 0.10000 7 
 fake.rf 1440.00000000 50740.33757907936444198 0.10000 7 
 fake.rf 1440.00000000 50754.31104328900503475 0.10000 7 
 fake.rf 1440.00000000 50768.43970072480014721 0.10000 7 
 fake.rf 1440.00000000 50782.54486775034423829 0.10000 7 
 fake.rf 1440.00000000 50796.51765562991123915 0.10000 7 
 fake.rf 1440.00000000 50810.52832633725098077 0.10000 7 
 fake.rf 1440.00000000 50824.23824772420139695 0.10000 7 
 fake.rf 1440.00000000 50838.52468128454144392 0.10000 7 
 fake.rf 1440.00000000 50852.16153001557464108 0.10000 7 
 fake.rf 1440.00000000 50866.15081238783705331 0.10000 7 
 fake.rf 1440.00000000 50880.01932558965255282 0.10000 7 
 fake.rf 1440.00000000 50894.51084099982245235 0.10000 7 
 fake.rf 1440.00000000 50907.81875850475064738 0.10000 7 
 fake.rf 1440.00000000 50922.32974081603553884 0.10000 7 
 fake.rf 1440.00000000 50935.96090670349694918 0.10000 7 
 fake.rf 1440.00000000 50949.82716195016791616 0.10000 7 
 fake.rf 1440.00000000 50963.95446654429230193 0.10000 7 
 fake.rf 1440.00000000 50978.26433377677922110 0.10000 7 
 fake.rf 1440.00000000 50992.19963666154579229 0.10000 7 
 fake.rf 1440.00000000 51006.05870461478221145 0.10000 7 
 fake.rf 1440.00000000 51019.97661453158852396 0.10000 7 
 fake.rf 1440.00000000 51033.55310031889078815 0.10000 7 
 fake.rf 1440.00000000 51047.89130265592246261 0.10000 7 
 fake.rf 1440.00000000 51061.65177403879985718 0.10000 7 
 fake.rf 1440.00000000 51075.87384232616764379 0.10000 7 
 fake.rf 1440.00000000 51089.94813478970140963 0.10000 7 
 fake.rf 1440.00000000 51103.89205647513167463 0.10000 7 
 fake.rf 1440.00000000 51117.81759322494171016 0.10000 7 
 fake.rf 1440.00000000 51131.34045454830769017 0.10000 7 
 fake.rf 1440.00000000 51145.69563422706214340 0.10000 7 
 fake.rf 1440.00000000 51159.49366497528695419 0.10000 7 
 fake.rf 1440.00000000 51173.28826982568806869 0.10000 7 
 fake.rf 1440.00000000 51187.65513979295175773 0.10000 7 
 fake.rf 1440.00000000 51201.62005402861104031 0.10000 7 
 fake.rf 1440.00000000 51215.55805197735997680 0.10000 7 
 fake.rf 1440.00000000 51229.26926923064821651 0.10000 7 
 fake.rf 1440.00000000 51243.28308022452038983 0.10000 7 
 fake.rf 1440.00000000 51256.96922564308547976 0.10000 7 
 fake.rf 1440.00000000 51271.00510251992655952 0.10000 7 
 fake.rf 1440.00000000 51285.36065496999315982 0.10000 7 
 fake.rf 1440.00000000 51299.07430881967360392 0.10000 7 
 fake.rf 1440.00000000 51313.01692498115654217 0.10000 7 
 fake.rf 1440.00000000 51327.23555224169410138 0.10000 7 
 fake.rf 1440.00000000 51340.96201632963807171 0.10000 7 
 fake.rf 1440.00000000 51354.78717418446021625 0.10000 7 
 fake.rf 1440.00000000 51368.67519343581935942 0.10000 7 
 fake.rf 1440.00000000 51382.97280550589998782 0.10000 7 
 fake.rf 1440.00000000 51396.96349399773729516 0.10000 7 
 fake.rf 1440.00000000 51410.53293986770643542 0.10000 7 
 fake.rf 1440.00000000 51424.80408089170840924 0.10000 7 
 fake.rf 1440.00000000 51438.69206342125149334 0.10000 7 
 fake.rf 1440.00000000 51452.88431193766085769 0.10000 7 
 fake.rf 1440.00000000 51466.77016479966671270 0.10000 7 
 fake.rf 1440.00000000 51480.36790908982917969 0.10000 7 
 fake.rf 1440.00000000 51494.35885502658150870 0.10000 7 
 fake.rf 1440.00000000 51508.50500226751354660 0.10000 7 
 fake.rf 1440.00000000 51522.21526506963265390 0.10000 7 
 fake.rf 1440.00000000 51536.18835878821306196 0.10000 7 
 fake.rf 1440.00000000 51550.29826881451588960 0.10000 7 
 fake.rf 1440.00000000 51564.23628568596106092 0.10000 7 
 fake.rf 1440.00000000 51578.60278513022594993 0.10000 7 
 fake.rf 1440.00000000 51592.54895198574703485 0.10000 7 
 fake.rf 1440.00000000 51606.31979976459227899 0.10000 7 
 fake.rf 1440.00000000 51620.42472857827061361 0.10000 7 
 fake.rf 1440.00000000 51634.37403575049213345 0.10000 7 
 fake.rf 1440.00000000 51648.12110754743136098 0.10000 7 
 fake.rf 1440.00000000 51661.97547966738837388 0.10000 7 
 fake.rf 1440.00000000 51675.97682391288308068 0.10000 7 
 fake.rf 1440.00000000 51690.11493385607376538 0.10000 7 
 fake.rf 1440.00000000 51704.04340892671882202 0.10000 7 
 fake.rf 1440.00000000 51717.77186502556510206 0.10000 7 
 fake.rf 1440.00000000 51731.66185485378569453 0.10000 7 
 fake.rf 1440.00000000 51745.57117215393621734 0.10000 7 
 fake.rf 1440.00000000 51759.55648159410128883 0.10000 7 
 fake.rf 1440.00000000 51773.87782826543506332 0.10000 7 
 fake.rf 1440.00000000 51787.65052947998609767 0.10000 7 
 fake.rf 1440.00000000 51801.56208421615582083 0.10000 7 
 fake.rf 1440.00000000 51815.55260235648151124 0.10000 7 
 fake.rf 1440.00000000 51829.35421813908889632 0.10000 7 
 fake.rf 1440.00000000 51843.54011149372421485 0.10000 7 
 fake.rf 1440.00000000 51857.83999671036714574 0.10000 7 
 fake.rf 1440.00000000 51871.56782108028133749 0.10000 7 
 fake.rf 1440.00000000 51885.31752235042459986 0.10000 7 
 fake.rf 1440.00000000 51899.54148650203463689 0.10000 7 
 fake.rf 1440.00000000 51913.57194788889270143 0.10000 7 
 fake.rf 1440.00000000 51927.35082119958497060 0.10000 7 
 fake.rf 1440.00000000 51941.09249194199932020 0.10000 7 
 fake.rf 1440.00000000 51955.53810888365783427 0.10000 7 
 fake.rf 1440.00000000 51969.32830195551338193 0.10000 7 
 fake.rf 1440.00000000 51983.21810883220578248 0.10000 7 
 fake.rf 1440.00000000 51996.97330201071021705 0.10000 7 
 fake.rf 1440.00000000 52011.16822060877098011 0.10000 7 
 fake.rf 1440.00000000 52025.04242038948002858 0.10000 7 
 fake.rf 1440.00000000 52039.27335409529731436 0.10000 7 
 fake.rf 1440.00000000 52052.94476093425819130 0.10000 7 
 fake.rf 1440.00000000 52066.80649392957994337 0.10000 7 
 fake.rf 1440.00000000 52080.82272550833673819 0.10000 7 
 fake.rf 1440.00000000 52095.05339717790071319 0.10000 7 
 fake.rf 1440.00000000 52108.95470050383976712 0.10000 7 
 fake.rf 1440.00000000 52123.14726810915372468 0.10000 7 
 fake.rf 1440.00000000 52136.67797423323688122 0.10000 7 
 fake.rf 1440.00000000 52151.01262640133845139 0.10000 7 
 fake.rf 1440.00000000 52164.46674323071412616 0.10000 7 
 fake.rf 1440.00000000 52178.61165937021373296 0.10000 7 
 fake.rf 1440.00000000 52192.30318038323334662 0.10000 7 
 fake.rf 1440.00000000 52206.78353661672516850 0.10000 7 
 fake.rf 1440.00000000 52220.73938003333668334 0.10000 7 
 fake.rf 1440.00000000 52234.38068185717697745 0.10000 7 
 fake.rf 1440.00000000 52248.22311562049019074 0.10000 7 
 fake.rf 1440.00000000 52262.68546756882171067 0.10000 7 
 fake.rf 1440.00000000 52276.55088881964954695 0.10000 7 
 fake.rf 1440.00000000 52290.06476717555571554 0.10000 7 
 fake.rf 1440.00000000 52304.29316956857210741 0.10000 7 
 fake.rf 1440.00000000 52318.61318483525157319 0.10000 7 
 fake.rf 1440.00000000 52332.38925342417995878 0.10000 7 
 fake.rf 1440.00000000 52346.01967656463570577 0.10000 7 
 fake.rf 1440.00000000 52360.15679120061945540 0.10000 7 
 fake.rf 1440.00000000 52374.37942329233775496 0.10000 7 
 fake.rf 1440.00000000 52387.82702276595418667 0.10000 7 
 fake.rf 1440.00000000 52401.79255654339027615 0.10000 7 
 fake.rf 1440.00000000 52415.94322158345223528 0.10000 7 
 fake.rf 1440.00000000 52429.85090694386805765 0.10000 7 
 fake.rf 1440.00000000 52444.04958542307954517 0.10000 7 
 fake.rf 1440.00000000 52458.11267628846416855 0.10000 7 
 fake.rf 1440.00000000 52471.62285477628926955 0.10000 7 
 fake.rf 1440.00000000 52485.53116613819166858 0.10000 7 
 fake.rf 1440.00000000 52499.49421606820923003 0.10000 7 
 fake.rf 1440.00000000 52513.72551887759891187 0.10000 7 
 fake.rf 1440.00000000 52527.90272798593544223 0.10000 7 
 fake.rf 1440.00000000 52541.80530731338489048 0.10000 7 
 fake.rf 1440.00000000 52555.60073710271093717 0.10000 7 
 fake.rf 1440.00000000 52569.34687839246772967 0.10000 7 
 fake.rf 1440.00000000 52583.62233596286429815 0.10000 7 
 fake.rf 1440.00000000 52597.57677530772368968 0.10000 7 
 fake.rf 1440.00000000 52611.50605883971347509 0.10000 7 
 fake.rf 1440.00000000 52625.51126346602150363 0.10000 7 
 fake.rf 1440.00000000 52639.31761845537549860 0.10000 7 
 fake.rf 1440.00000000 52653.24097146546416326 0.10000 7 
 fake.rf 1440.00000000 52667.59237062354527836 0.10000 7 
 fake.rf 1440.00000000 52681.27938545399209502 0.10000 7 
 fake.rf 1440.00000000 52695.03664980436070309 0.10000 7 
 fake.rf 1440.00000000 52709.29169628670015157 0.10000 7 
 fake.rf 1440.00000000 52723.19748223127028908 0.10000 7 
 fake.rf 1440.00000000 52737.22137500894958251 0.10000 7 
 fake.rf 1440.00000000 52751.16799616557631225 0.10000 7 
 fake.rf 1440.00000000 52764.88807676493004450 0.10000 7 
 fake.rf 1440.00000000 52779.24728541905932033 0.10000 7 
 fake.rf 1440.00000000 52792.70258061472807043 0.10000 7 
 fake.rf 1440.00000000 52806.68351935643588746 0.10000 7 
 fake.rf 1440.00000000 52821.19522023099149877 0.10000 7 
 fake.rf 1440.00000000 52834.65427529511373450 0.10000 7 
 fake.rf 1440.00000000 52848.82410513117470785 0.10000 7 
 fake.rf 1440.00000000 52862.61505077002677666 0.10000 7 
 fake.rf 1440.00000000 52876.97767702535045586 0.10000 7 
 fake.rf 1440.00000000 52890.58215712412969722 0.10000 7 
 fake.rf 1440.00000000 52904.58817398864858816 0.10000 7 
 fake.rf 1440.00000000 52918.89733769553286891 0.10000 7 
 fake.rf 1440.00000000 52932.50309379518972364 0.10000 7 
 fake.rf 1440.00000000 52946.77863952113988688 0.10000 7 
 fake.rf 1440.00000000 52960.63657171795020773 0.10000 7 
 fake.rf 1440.00000000 52974.18313322107693253 0.10000 7 
 fake.rf 1440.00000000 52988.29233482160016067 0.10000 7 
 fake.rf 1440.00000000 53002.60130103272591029 0.10000 7 
