FORMAT 1
 fake.rf 1440.00000000 50000.88200643639367371 0.10000 7 
 fake.rf 1440.00000000 50014.98387345914372659 0.10000 7 
 fake.rf 1440.00000000 50028.59368258430787435 0.10000 7 
 fake.rf 1440.00000000 50042.49735841708100637 0.10000 7 
 fake.rf 1440.00000000 50056.44380647678341489 0.10000 7 
 fake.rf 1440.00000000 50070.68186137710511119 0.10000 7 
 fake.rf 1440.00000000 50084.30849575333681756 0.10000 7 
 fake.rf 1440.00000000 50098.64685137958027283 0.10000 7 
 fake.rf 1440.00000000 50112.68039667880391264 0.10000 7 
 fake.rf 1440.00000000 50126.60030365050788959 0.10000 7 
 fake.rf 1440.00000000 50140.21600459403320471 0.10000 7 
 fake.rf 1440.00000000 50154.31166875005380490 0.10000 7 
 fake.rf 1440.00000000 50168.21642292257816109 0.10000 7 
 fake.rf 1440.00000000 50182.25709722478526942 0.10000 7 
 fake.rf 1440.00000000 50196.08352938363044515 0.10000 7 
 fake.rf 1440.00000000 50210.14847151800526959 0.10000 7 
 fake.rf 1440.00000000 50224.20831061646405047 0.10000 7 
 fake.rf 1440.00000000 50237.91800309063592422 0.10000 7 
 fake.rf 1440.00000000 50252.14689297783345623 0.10000 7 
 fake.rf 1440.00000000 50265.74812133267865022 0.10000 7 
 fake.rf 1440.00000000 50279.95365213624073419 0.10000 7 
 fake.rf 1440.00000000 50293.91672774082915254 0.10000 7 
 fake.rf 1440.00000000 50307.82732889564072920 0.10000 7 
 fake.rf 1440.00000000 50322.07710267138648064 0.10000 7 
 fake.rf 1440.00000000 50335.72090131914280775 0.10000 7 
 fake.rf 1440.00000000 50349.94215133776393856 0.10000 7 
 fake.rf 1440.00000000 50363.83903021469977901 0.10000 7 
 fake.rf 1440.00000000 50378.04565383903683440 0.10000 7 
 fake.rf 1440.00000000 50391.85169141600534815 0.10000 7 
 fake.rf 1440.00000000 50405.89599794993640103 0.10000 7 
 fake.rf 1440.00000000 50419.78314718401175298 0.10000 7 
 fake.rf 1440.00000000 50433.48765595303504838 0.10000 7 
 fake.rf 1440.00000000 50447.67205560130754805 0.10000 7 
 fake.rf 1440.00000000 50461.20724000825823907 0.10000 7 
 fake.rf 1440.00000000 50475.52031733874716224 0.10000 7 
 fake.rf 1440.00000000 50489.68939112643983336 0.10000 7 
 fake.rf 1440.00000000 50503.50085649052793357 0.10000 7 
 fake.rf 1440.00000000 50517.47879424373017443 0.10000 7 
 fake.rf 1440.00000000 50531.35778308801353020 0.10000 7 
 fake.rf 1440.00000000 50545.24101981065433975 0.10000 7 
 fake.rf 1440.00000000 50559.17709059331878407 0.10000 7 
 fake.rf 1440.00000000 50573.37667310998086023 0.10000 7 
 fake.rf 1440.00000000 50587.39380002619645182 0.10000 7 
 fake.rf 1440.00000000 50601.27285109408841279 0.10000 7 
 fake.rf 1440.00000000 50614.88466730431821716 0.10000 7 
 fake.rf 1440.00000000 50628.76645247282495887 0.10000 7 
 fake.rf 1440.00000000 50642.74867171131657173 0.10000 7 
 fake.rf 1440.00000000 50657.12521975059131663 0.10000 7 
 fake.rf 1440.00000000 50670.75492346362060658 0.10000 7 
 fake.rf 1440.00000000 50685.00425866579376688 0.10000 7 
 fake.rf 1440.00000000 50699.02026112826729332 0.10000 7 
 fake.rf 1440.00000000 50712.89372169601890050 0.10000 7 
 fake.rf 1440.00000000 50726.47769189203635065 0.10000 7 
 fake.rf 1440.00000000 50740.44252159535643543 0.10000 7 
 fake.rf 1440.00000000 50754.60398199927161755 0.10000 7 
 fake.rf 1440.00000000 50768.53664357571829413 0.10000 7 
 fake.rf 1440.00000000 50782.76094936873523977 0.10000 7 
 fake.rf 1440.00000000 50796.85751471538603852 0.10000 7 
 fake.rf 1440.00000000 50810.36835931998807681 0.10000 7 
 fake.rf 1440.00000000 50824.43692873882779537 0.10000 7 
 fake.rf 1440.00000000 50838.61602669725614589 0.10000 7 
 fake.rf 1440.00000000 50852.71891326477776119 0.10000 7 
 fake.rf 1440.00000000 50866.53021754687689793 0.10000 7 
 fake.rf 1440.00000000 50880.26527453520203892 0.10000 7 
 fake.rf 1440.00000000 50894.60823826343547438 0.10000 7 
 fake.rf 1440.00000000 50908.10417922584432660 0.10000 7 
 fake.rf 1440.00000000 50922.04653610039835243 0.10000 7 
 fake.rf 1440.00000000 50936.23919124794286262 0.10000 7 
 fake.rf 1440.00000000 50950.41796271109417305 0.10000 7 
 fake.rf 1440.00000000 50964.27753446587782094 0.10000 7 
 fake.rf 1440.00000000 50978.39165238552534021 0.10000 7 
 fake.rf 1440.00000000 50991.87805406431741062 0.10000 7 
 fake.rf 1440.00000000 51005.97543442661096691 0.10000 7 
 fake.rf 1440.00000000 51020.14490532922751598 0.10000 7 
 fake.rf 1440.00000000 51034.21525077215277477 0.10000 7 
 fake.rf 1440.00000000 51047.96267344128724730 0.10000 7 
 fake.rf 1440.00000000 51062.05215556656218112 0.10000 7 
 fake.rf 1440.00000000 51076.14294631771732824 0.10000 7 
 fake.rf 1440.00000000 51089.63847643911798002 0.10000 7 
 fake.rf 1440.00000000 51104.06255497128267606 0.10000 7 
 fake.rf 1440.00000000 51117.77424031807876403 0.10000 7 
 fake.rf 1440.00000000 51131.99066566710422066 0.10000 7 
 fake.rf 1440.00000000 51145.65976415669955912 0.10000 7 
 fake.rf 1440.00000000 51159.66031246283075617 0.10000 7 
 fake.rf 1440.00000000 51173.87979354893925432 0.10000 7 
 fake.rf 1440.00000000 51187.74857851915308515 0.10000 7 
 fake.rf 1440.00000000 51201.72001444910076984 0.10000 7 
 fake.rf 1440.00000000 51215.53536074859929172 0.10000 7 
 fake.rf 1440.00000000 51229.53893711494375651 0.10000 7 
 fake.rf 1440.00000000 51243.72611041510203123 0.10000 7 
 fake.rf 1440.00000000 51257.64825219791687871 0.10000 7 
 fake.rf 1440.00000000 51271.20248592392706399 0.10000 7 
 fake.rf 1440.00000000 51285.53077184026053104 0.10000 7 
 fake.rf 1440.00000000 51299.30244395359866871 0.10000 7 
 fake.rf 1440.00000000 51313.29662743612895781 0.10000 7 
 fake.rf 1440.00000000 51327.33943642751439995 0.10000 7 
 fake.rf 1440.00000000 51341.31194227398135865 0.10000 7 
 fake.rf 1440.00000000 51355.28670867460667893 0.10000 7 
 fake.rf 1440.00000000 51368.89373224370581283 0.10000 7 
 fake.rf 1440.00000000 51383.08323561916779809 0.10000 7 
 fake.rf 1440.00000000 51396.95579985093282360 0.10000 7 
 fake.rf 1440.00000000 51410.71516739281194575 0.10000 7 
 fake.rf 1440.00000000 51425.09596519028992745 0.10000 7 
 fake.rf 1440.00000000 51439.10413583671567750 0.10000 7 
 fake.rf 1440.00000000 51453.07120035121047863 0.10000 7 
 fake.rf 1440.00000000 51466.89390300155034197 0.10000 7 
 fake.rf 1440.00000000 51480.68772236943575038 0.10000 7 
 fake.rf 1440.00000000 51494.78249505708618017 0.10000 7 
 fake.rf 1440.00000000 51508.73421451598892062 0.10000 7 
 fake.rf 1440.00000000 51522.72845675259426557 0.10000 7 
 fake.rf 1440.00000000 51536.61886739478999075 0.10000 7 
 fake.rf 1440.00000000 51550.32049828720589701 0.10000 7 
 fake.rf 1440.00000000 51564.56939191091210262 0.10000 7 
 fake.rf 1440.00000000 51578.16712710177568724 0.10000 7 
 fake.rf 1440.00000000 51592.57419902184663130 0.10000 7 
 fake.rf 1440.00000000 51606.41413317316265719 0.10000 7 
 fake.rf 1440.00000000 51620.58554603660315152 0.10000 7 
 fake.rf 1440.00000000 51634.33561329493110748 0.10000 7 
 fake.rf 1440.00000000 51648.02911979823041122 0.10000 7 
 fake.rf 1440.00000000 51662.24233510367749034 0.10000 7 
 fake.rf 1440.00000000 51676.21780172060700664 0.10000 7 
 fake.rf 1440.00000000 51689.87167611325957850 0.10000 7 
 fake.rf 1440.00000000 51704.34401787543333739 0.10000 7 
 fake.rf 1440.00000000 51718.01932977248765511 0.10000 7 
 fake.rf 1440.00000000 51732.14976902557004834 0.10000 7 
 fake.rf 1440.00000000 51745.98785364646943563 0.10000 7 
 fake.rf 1440.00000000 51759.74420063822609706 0.10000 7 
 fake.rf 1440.00000000 51773.88537180632165757 0.10000 7 
 fake.rf 1440.00000000 51787.73644887657707514 0.10000 7 
 fake.rf 1440.00000000 51801.80471218252492704 0.10000 7 
 fake.rf 1440.00000000 51815.50694613077812889 0.10000 7 
 fake.rf 1440.00000000 51829.93548016641278409 0.10000 7 
 fake.rf 1440.00000000 51843.80133705621440043 0.10000 7 
 fake.rf 1440.00000000 51857.92259487257688022 0.10000 7 
 fake.rf 1440.00000000 51871.73085895958354286 0.10000 7 
 fake.rf 1440.00000000 51885.60200640095779079 0.10000 7 
 fake.rf 1440.00000000 51899.58419294789625553 0.10000 7 
 fake.rf 1440.00000000 51913.89116913565297295 0.10000 7 
 fake.rf 1440.00000000 51927.22864867849255788 0.10000 7 
 fake.rf 1440.00000000 51941.20078074369346055 0.10000 7 
 fake.rf 1440.00000000 51955.54022527394617370 0.10000 7 
 fake.rf 1440.00000000 51969.47300816995630868 0.10000 7 
 fake.rf 1440.00000000 51983.18499715905054259 0.10000 7 
 fake.rf 1440.00000000 51997.14489473428253064 0.10000 7 
 fake.rf 1440.00000000 52011.38030555841858416 0.10000 7 
 fake.rf 1440.00000000 52025.53759254904464981 0.10000 7 
 fake.rf 1440.00000000 52039.37565033617575594 0.10000 7 
 fake.rf 1440.00000000 52053.15403340729006132 0.10000 7 
 fake.rf 1440.00000000 52067.09961370395298630 0.10000 7 
 fake.rf 1440.00000000 52081.33607075563976352 0.10000 7 
 fake.rf 1440.00000000 52095.36589523080398934 0.10000 7 
 fake.rf 1440.00000000 52109.32516820662393187 0.10000 7 
 fake.rf 1440.00000000 52123.25372566697676291 0.10000 7 
 fake.rf 1440.00000000 52137.12745130292477214 0.10000 7 
 fake.rf 1440.00000000 52150.80026226521129828 0.10000 7 
 fake.rf 1440.00000000 52164.89748506923479354 0.10000 7 
 fake.rf 1440.00000000 52178.64752137526291875 0.10000 7 
 fake.rf 1440.00000000 52192.78157207104926130 0.10000 7 
 fake.rf 1440.00000000 52207.05819208372998830 0.10000 7 
 fake.rf 1440.00000000 52220.69753153117472877 0.10000 7 
 fake.rf 1440.00000000 52234.93807160142257828 0.10000 7 
 fake.rf 1440.00000000 52248.95515159761896484 0.10000 7 
 fake.rf 1440.00000000 52262.39458448523509659 0.10000 7 
 fake.rf 1440.00000000 52276.53920750517628946 0.10000 7 
 fake.rf 1440.00000000 52290.71577142387226544 0.10000 7 
 fake.rf 1440.00000000 52304.66836112150402727 0.10000 7 
 fake.rf 1440.00000000 52318.72235765221487114 0.10000 7 
 fake.rf 1440.00000000 52332.25266750103052971 0.10000 7 
 fake.rf 1440.00000000 52346.55045950240405972 0.10000 7 
 fake.rf 1440.00000000 52360.64682830812091652 0.10000 7 
 fake.rf 1440.00000000 52374.18749623845426910 0.10000 7 
 fake.rf 1440.00000000 52388.19629216603302169 0.10000 7 
 fake.rf 1440.00000000 52402.26366992847736626 0.10000 7 
 fake.rf 1440.00000000 52416.22121963363791508 0.10000 7 
 fake.rf 1440.00000000 52430.22813918946422973 0.10000 7 
 fake.rf 1440.00000000 52443.90248715376981536 0.10000 7 
 fake.rf 1440.00000000 52458.05554990426593776 0.10000 7 
 fake.rf 1440.00000000 52471.93875333375330783 0.10000 7 
 fake.rf 1440.00000000 52486.09637712794329190 0.10000 7 
 fake.rf 1440.00000000 52500.23324623497138930 0.10000 7 
 fake.rf 1440.00000000 52513.72446610712790616 0.10000 7 
 fake.rf 1440.00000000 52527.95014044241693085 0.10000 7 
 fake.rf 1440.00000000 52542.08450860185590159 0.10000 7 
 fake.rf 1440.00000000 52555.54251197379247529 0.10000 7 
 fake.rf 1440.00000000 52569.68013802956258118 0.10000 7 
 fake.rf 1440.00000000 52583.52554321378908853 0.10000 7 
 fake.rf 1440.00000000 52597.78566210803247571 0.10000 7 
 fake.rf 1440.00000000 52611.71155050892621219 0.10000 7 
 fake.rf 1440.00000000 52625.72923249313693361 0.10000 7 
 fake.rf 1440.00000000 52639.63753079776777000 0.10000 7 
 fake.rf 1440.00000000 52653.24098470924023019 0.10000 7 
 fake.rf 1440.00000000 52667.53743285509133187 0.10000 7 
 fake.rf 1440.00000000 52681.50103720524155904 0.10000 7 
 fake.rf 1440.00000000 52695.24881675724432739 0.10000 7 
 fake.rf 1440.00000000 52709.06144729765827606 0.10000 7 
 fake.rf 1440.00000000 52723.23984165008393887 0.10000 7 
 fake.rf 1440.00000000 52736.97843694381037594 0.10000 7 
 fake.rf 1440.00000000 52751.54995676780471570 0.10000 7 
 fake.rf 1440.00000000 52765.29688703889677370 0.10000 7 
 fake.rf 1440.00000000 52779.37150039279795521 0.10000 7 
 fake.rf 1440.00000000 52793.41094840448424819 0.10000 7 
 fake.rf 1440.00000000 52807.40343936639706968 0.10000 7 
 fake.rf 1440.00000000 52820.85840802557850182 0.10000 7 
 fake.rf 1440.00000000 52835.00345989532686986 0.10000 7 
 fake.rf 1440.00000000 52848.99172660410196301 0.10000 7 
 fake.rf 1440.00000000 52863.15850755640003911 0.10000 7 
 fake.rf 1440.00000000 52877.01613345465856142 0.10000 7 
 fake.rf 1440.00000000 52891.19568899065615497 0.10000 7 
 fake.rf 1440.00000000 52904.61723277475349292 0.10000 7 
 fake.rf 1440.00000000 52918.67070852487255195 0.10000 7 
 fake.rf 1440.00000000 52933.02535923647065985 0.10000 7 
 fake.rf 1440.00000000 52946.64301561842841792 0.10000 7 
 fake.rf 1440.00000000 52960.96039178453278140 0.10000 7 
 fake.rf 1440.00000000 52974.82097005287600666 0.10000 7 
 fake.rf 1440.00000000 52988.60152255061376891 0.10000 7 
 fake.rf 1440.00000000 53002.42808416164531593 0.10000 7 
