FORMAT 1
 fake.rf 1440.00000000 50001.10109319175219511 0.10000 7 
 fake.rf 1440.00000000 50014.51332413752097494 0.10000 7 
 fake.rf 1440.00000000 50028.97066676966139198 0.10000 7 
 fake.rf 1440.00000000 50042.77078419901395634 0.10000 7 
 fake.rf 1440.00000000 50056.79620613025873510 0.10000 7 
 fake.rf 1440.00000000 50070.89522893878489285 0.10000 7 
 fake.rf 1440.00000000 50084.36335397408948111 0.10000 7 
 fake.rf 1440.00000000 50098.39060623520906290 0.10000 7 
 fake.rf 1440.00000000 50112.27563444782657953 0.10000 7 
 fake.rf 1440.00000000 50126.26128282937213143 0.10000 7 
 fake.rf 1440.00000000 50140.50515551271687542 0.10000 7 
 fake.rf 1440.00000000 50154.16700544005101747 0.10000 7 
 fake.rf 1440.00000000 50168.09573276727724789 0.10000 7 
 fake.rf 1440.00000000 50182.12476194141228802 0.10000 7 
 fake.rf 1440.00000000 50196.56611773464501880 0.10000 7 
 fake.rf 1440.00000000 50209.90585273214817263 0.10000 7 
 fake.rf 1440.00000000 50223.96559878016428158 0.10000 7 
 fake.rf 1440.00000000 50237.90014914987020944 0.10000 7 
 fake.rf 1440.00000000 50252.08982899464262317 0.10000 7 
 fake.rf 1440.00000000 50266.17606754614807940 0.10000 7 
 fake.rf 1440.00000000 50280.31562529910877402 0.10000 7 
 fake.rf 1440.00000000 50293.73449016355333185 0.10000 7 
 fake.rf 1440.00000000 50308.03851051809224515 0.10000 7 
 fake.rf 1440.00000000 50321.63783787230860867 0.10000 7 
 fake.rf 1440.00000000 50335.81507143025001838 0.10000 7 
 fake.rf 1440.00000000 50349.84530195459211299 0.10000 7 
 fake.rf 1440.00000000 50363.76717827623865986 0.10000 7 
 fake.rf 1440.00000000 50377.63334747535627400 0.10000 7 
 fake.rf 1440.00000000 50391.56238213951054306 0.10000 7 
 fake.rf 1440.00000000 50405.96970387460648055 0.10000 7 
 fake.rf 1440.00000000 50419.70066067815199418 0.10000 7 
 fake.rf 1440.00000000 50433.41213100226980615 0.10000 7 
 fake.rf 1440.00000000 50447.26990957777718450 0.10000 7 
 fake.rf 1440.00000000 50461.49643514202806927 0.10000 7 
 fake.rf 1440.00000000 50475.71291587893547970 0.10000 7 
 fake.rf 1440.00000000 50489.63434232512034328 0.10000 7 
 fake.rf 1440.00000000 50503.33144993345750962 0.10000 7 
 fake.rf 1440.00000000 50517.72094823372901118 0.10000 7 
 fake.rf 1440.00000000 50531.04118672174683979 0.10000 7 
 fake.rf 1440.00000000 50545.32821529189136456 0.10000 7 
 fake.rf 1440.00000000 50559.07492131285975745 0.10000 7 
 fake.rf 1440.00000000 50573.34392518814676976 0.10000 7 
 fake.rf 1440.00000000 50587.33102952597698732 0.10000 7 
 fake.rf 1440.00000000 50601.04468941445499652 0.10000 7 
 fake.rf 1440.00000000 50615.38094833722554355 0.10000 7 
 fake.rf 1440.00000000 50629.18096760530615086 0.10000 7 
 fake.rf 1440.00000000 50642.93925534174410075 0.10000 7 
 fake.rf 1440.00000000 50656.70681964043021139 0.10000 7 
 fake.rf 1440.00000000 50671.14628255492214137 0.10000 7 
 fake.rf 1440.00000000 50685.13247573160545301 0.10000 7 
 fake.rf 1440.00000000 50699.02450476814527036 0.10000 7 
 fake.rf 1440.00000000 50712.97508448408754234 0.10000 7 
 fake.rf 1440.00000000 50727.08503537088128255 0.10000 7 
 fake.rf 1440.00000000 50740.65264447047108831 0.10000 7 
 fake.rf 1440.00000000 50754.90744438237072345 0.10000 7 
 fake.rf 1440.00000000 50768.56618797387541520 0.10000 7 
 fake.rf 1440.00000000 50782.86892014962488773 0.10000 7 
 fake.rf 1440.00000000 50796.41715613365553139 0.10000 7 
 fake.rf 1440.00000000 50810.64696140778610456 0.10000 7 
 fake.rf 1440.00000000 50824.25028780387151173 0.10000 7 
 fake.rf 1440.00000000 50838.24407157596965945 0.10000 7 
 fake.rf 1440.00000000 50852.24305940873983545 0.10000 7 
 fake.rf 1440.00000000 50866.26274920555947645 0.10000 7 
 fake.rf 1440.00000000 50880.15253751637180812 0.10000 7 
 fake.rf 1440.00000000 50894.41627686157680088 0.10000 7 
 fake.rf 1440.00000000 50908.02400669162326707 0.10000 7 
 fake.rf 1440.00000000 50922.54011456456242968 0.10000 7 
 fake.rf 1440.00000000 50936.53918744752568770 0.10000 7 
 fake.rf 1440.00000000 50949.90797512955624526 0.10000 7 
 fake.rf 1440.00000000 50964.44921388018802233 0.10000 7 
 fake.rf 1440.00000000 50978.10687487830636044 0.10000 7 
 fake.rf 1440.00000000 50991.92726166605741156 0.10000 7 
 fake.rf 1440.00000000 51006.10906358056800158 0.10000 7 
 fake.rf 1440.00000000 51019.79205466120626156 0.10000 7 
 fake.rf 1440.00000000 51034.03099420120633312 0.10000 7 
 fake.rf 1440.00000000 51047.92061417302568316 0.10000 7 
 fake.rf 1440.00000000 51062.10851784337092596 0.10000 7 
 fake.rf 1440.00000000 51076.14397070402335643 0.10000 7 
 fake.rf 1440.00000000 51089.83938145174176171 0.10000 7 
 fake.rf 1440.00000000 51103.83830691433137261 0.10000 7 
 fake.rf 1440.00000000 51117.89817927699090561 0.10000 7 
 fake.rf 1440.00000000 51131.52384504958047629 0.10000 7 
 fake.rf 1440.00000000 51145.51157676665405560 0.10000 7 
 fake.rf 1440.00000000 51159.71962592165063199 0.10000 7 
 fake.rf 1440.00000000 51173.61779332390210229 0.10000 7 
 fake.rf 1440.00000000 51187.23188435844304323 0.10000 7 
 fake.rf 1440.00000000 51201.80356971209557670 0.10000 7 
 fake.rf 1440.00000000 51215.37602918336388669 0.10000 7 
 fake.rf 1440.00000000 51229.24324831226368104 0.10000 7 
 fake.rf 1440.00000000 51243.41629884841943365 0.10000 7 
 fake.rf 1440.00000000 51257.29697704414838455 0.10000 7 
 fake.rf 1440.00000000 51271.19620652846531428 0.10000 7 
 fake.rf 1440.00000000 51285.40647054647315173 0.10000 7 
 fake.rf 1440.00000000 51299.34506469651346805 0.10000 7 
 fake.rf 1440.00000000 51313.17230860592195896 0.10000 7 
 fake.rf 1440.00000000 51327.01787157713109622 0.10000 7 
 fake.rf 1440.00000000 51341.26908791397897858 0.10000 7 
 fake.rf 1440.00000000 51354.98399922493682013 0.10000 7 
 fake.rf 1440.00000000 51368.86686095192062496 0.10000 7 
 fake.rf 1440.00000000 51383.19175797281398843 0.10000 7 
 fake.rf 1440.00000000 51396.81946746020565442 0.10000 7 
 fake.rf 1440.00000000 51411.06488292141051843 0.10000 7 
 fake.rf 1440.00000000 51424.58172563350767703 0.10000 7 
 fake.rf 1440.00000000 51439.09613009338264078 0.10000 7 
 fake.rf 1440.00000000 51453.06276263671510307 0.10000 7 
 fake.rf 1440.00000000 51466.85677086319283191 0.10000 7 
 fake.rf 1440.00000000 51480.63235481183870945 0.10000 7 
 fake.rf 1440.00000000 51494.82511703634423128 0.10000 7 
 fake.rf 1440.00000000 51508.69280460201704130 0.10000 7 
 fake.rf 1440.00000000 51522.86869156524415203 0.10000 7 
 fake.rf 1440.00000000 51536.43193912766054154 0.10000 7 
 fake.rf 1440.00000000 51550.39772481329941556 0.10000 7 
 fake.rf 1440.00000000 51564.23750384336482000 0.10000 7 
 fake.rf 1440.00000000 51578.49337536507693613 0.10000 7 
 fake.rf 1440.00000000 51592.70543632759476438 0.10000 7 
 fake.rf 1440.00000000 51606.48160919617455278 0.10000 7 
 fake.rf 1440.00000000 51620.38979768819809735 0.10000 7 
 fake.rf 1440.00000000 51634.54510356316602326 0.10000 7 
 fake.rf 1440.00000000 51648.59862819796824240 0.10000 7 
 fake.rf 1440.00000000 51662.41226209774166378 0.10000 7 
 fake.rf 1440.00000000 51676.11217777720466060 0.10000 7 
 fake.rf 1440.00000000 51690.08460690868826148 0.10000 7 
 fake.rf 1440.00000000 51703.83569634087665534 0.10000 7 
 fake.rf 1440.00000000 51717.78410225419295543 0.10000 7 
 fake.rf 1440.00000000 51731.73335143670125191 0.10000 7 
 fake.rf 1440.00000000 51746.01657741797997048 0.10000 7 
 fake.rf 1440.00000000 51759.84877216733987382 0.10000 7 
 fake.rf 1440.00000000 51774.08746417975203968 0.10000 7 
 fake.rf 1440.00000000 51788.12382725670846639 0.10000 7 
 fake.rf 1440.00000000 51801.87710995079181941 0.10000 7 
 fake.rf 1440.00000000 51815.81225818365285463 0.10000 7 
 fake.rf 1440.00000000 51829.51455683134326691 0.10000 7 
 fake.rf 1440.00000000 51843.55148097508338978 0.10000 7 
 fake.rf 1440.00000000 51857.70836502239484744 0.10000 7 
 fake.rf 1440.00000000 51871.96329374153707903 0.10000 7 
 fake.rf 1440.00000000 51885.33841050418277518 0.10000 7 
 fake.rf 1440.00000000 51899.32752842633551538 0.10000 7 
 fake.rf 1440.00000000 51913.39626738154093388 0.10000 7 
 fake.rf 1440.00000000 51927.66903899254348076 0.10000 7 
 fake.rf 1440.00000000 51941.56407035480353684 0.10000 7 
 fake.rf 1440.00000000 51955.18025592459970596 0.10000 7 
 fake.rf 1440.00000000 51969.72116760353206644 0.10000 7 
 fake.rf 1440.00000000 51983.62021077922377188 0.10000 7 
 fake.rf 1440.00000000 51997.11440145667220492 0.10000 7 
 fake.rf 1440.00000000 52011.28274423643513202 0.10000 7 
 fake.rf 1440.00000000 52025.43207430102194166 0.10000 7 
 fake.rf 1440.00000000 52039.40733055976972565 0.10000 7 
 fake.rf 1440.00000000 52052.85542124345932535 0.10000 7 
 fake.rf 1440.00000000 52067.19828340100784558 0.10000 7 
 fake.rf 1440.00000000 52081.26529027384165715 0.10000 7 
 fake.rf 1440.00000000 52095.23190765208698494 0.10000 7 
 fake.rf 1440.00000000 52109.31291152653147236 0.10000 7 
 fake.rf 1440.00000000 52122.72390693673960627 0.10000 7 
 fake.rf 1440.00000000 52137.14650630444004165 0.10000 7 
 fake.rf 1440.00000000 52151.21414205558403765 0.10000 7 
 fake.rf 1440.00000000 52164.61261261630474451 0.10000 7 
 fake.rf 1440.00000000 52178.68999756627921371 0.10000 7 
 fake.rf 1440.00000000 52192.62805422481715212 0.10000 7 
 fake.rf 1440.00000000 52206.97010961570112286 0.10000 7 
 fake.rf 1440.00000000 52220.45541685966366430 0.10000 7 
 fake.rf 1440.00000000 52234.85164900461080606 0.10000 7 
 fake.rf 1440.00000000 52248.50041202177483157 0.10000 7 
 fake.rf 1440.00000000 52262.39291062489367690 0.10000 7 
 fake.rf 1440.00000000 52276.86429319147687167 0.10000 7 
 fake.rf 1440.00000000 52290.70816580722679845 0.10000 7 
 fake.rf 1440.00000000 52304.22715281547140620 0.10000 7 
 fake.rf 1440.00000000 52318.77854490473439952 0.10000 7 
 fake.rf 1440.00000000 52332.64976162733426790 0.10000 7 
 fake.rf 1440.00000000 52346.27571353741111437 0.10000 7 
 fake.rf 1440.00000000 52360.47143672399827707 0.10000 7 
 fake.rf 1440.00000000 52374.27591102965315173 0.10000 7 
 fake.rf 1440.00000000 52388.22294094194989711 0.10000 7 
 fake.rf 1440.00000000 52402.33113522601004419 0.10000 7 
 fake.rf 1440.00000000 52416.07287900081373522 0.10000 7 
 fake.rf 1440.00000000 52430.21899203905086750 0.10000 7 
 fake.rf 1440.00000000 52443.86708846088057356 0.10000 7 
 fake.rf 1440.00000000 52457.79638860115939281 0.10000 7 
 fake.rf 1440.00000000 52471.95598400985133480 0.10000 7 
 fake.rf 1440.00000000 52485.75706366665333391 0.10000 7 
 fake.rf 1440.00000000 52500.06745205006296118 0.10000 7 
 fake.rf 1440.00000000 52513.66561345348118905 0.10000 7 
 fake.rf 1440.00000000 52528.13820376041233473 0.10000 7 
 fake.rf 1440.00000000 52541.90115532499671502 0.10000 7 
 fake.rf 1440.00000000 52555.61520469314443105 0.10000 7 
 fake.rf 1440.00000000 52569.88195361471923306 0.10000 7 
 fake.rf 1440.00000000 52583.75076696997524905 0.10000 7 
 fake.rf 1440.00000000 52597.56818017360310336 0.10000 7 
 fake.rf 1440.00000000 52611.95053968880599271 0.10000 7 
 fake.rf 1440.00000000 52625.79563607886753474 0.10000 7 
 fake.rf 1440.00000000 52639.32666370100323761 0.10000 7 
 fake.rf 1440.00000000 52653.23255691827203862 0.10000 7 
 fake.rf 1440.00000000 52667.51211147122452516 0.10000 7 
 fake.rf 1440.00000000 52681.39679457332582402 0.10000 7 
 fake.rf 1440.00000000 52695.23341237394804892 0.10000 7 
 fake.rf 1440.00000000 52709.35590911054136853 0.10000 7 
 fake.rf 1440.00000000 52723.12269111995886917 0.10000 7 
 fake.rf 1440.00000000 52737.18318844662119815 0.10000 7 
 fake.rf 1440.00000000 52751.22863684545719565 0.10000 7 
 fake.rf 1440.00000000 52764.90486151638357626 0.10000 7 
 fake.rf 1440.00000000 52779.29620323591923281 0.10000 7 
 fake.rf 1440.00000000 52792.90893421434130772 0.10000 7 
 fake.rf 1440.00000000 52807.09452610739656464 0.10000 7 
 fake.rf 1440.00000000 52820.80445722918716100 0.10000 7 
 fake.rf 1440.00000000 52835.23027513687032197 0.10000 7 
 fake.rf 1440.00000000 52849.19583677307201697 0.10000 7 
 fake.rf 1440.00000000 52863.09010702953942484 0.10000 7 
 fake.rf 1440.00000000 52877.20224741294303783 0.10000 7 
 fake.rf 1440.00000000 52891.13533523072483788 0.10000 7 
 fake.rf 1440.00000000 52904.56076039040458525 0.10000 7 
 fake.rf 1440.00000000 52918.51220685037162639 0.10000 7 
 fake.rf 1440.00000000 52932.79390903229151988 0.10000 7 
 fake.rf 1440.00000000 52946.52238810642723266 0.10000 7 
 fake.rf 1440.00000000 52960.98465052615606297 0.10000 7 
 fake.rf 1440.00000000 52974.40086388548979457 0.10000 7 
 fake.rf 1440.00000000 52988.54828538319887343 0.10000 7 
 fake.rf 1440.00000000 53002.64885613115002982 0.10000 7 
