FORMAT 1
 fake.rf 1440.00000000 50000.93069973761000568 0.10000 7 
 fake.rf 1440.00000000 50014.93376046839829385 0.10000 7 
 fake.rf 1440.00000000 50028.78825023209739697 0.10000 7 
 fake.rf 1440.00000000 50042.66149192560760639 0.10000 7 
 fake.rf 1440.00000000 50056.90047306552338213 0.10000 7 
 fake.rf 1440.00000000 50070.69908194134589152 0.10000 7 
 fake.rf 1440.00000000 50084.89010437170621515 0.10000 7 
 fake.rf 1440.00000000 50098.38532818598603313 0.10000 7 
 fake.rf 1440.00000000 50112.72544742771735571 0.10000 7 
 fake.rf 1440.00000000 50126.41052606399415836 0.10000 7 
 fake.rf 1440.00000000 50140.37742453420917599 0.10000 7 
 fake.rf 1440.00000000 50154.14960041160052384 0.10000 7 
 fake.rf 1440.00000000 50168.58502014107545719 0.10000 7 
 fake.rf 1440.00000000 50182.26636960179320468 0.10000 7 
 fake.rf 1440.00000000 50196.46811325766309508 0.10000 7 
 fake.rf 1440.00000000 50210.55448988633538931 0.10000 7 
 fake.rf 1440.00000000 50224.45965745376566858 0.10000 7 
 fake.rf 1440.00000000 50238.40955816903960596 0.10000 7 
 fake.rf 1440.00000000 50252.29331201922216366 0.10000 7 
 fake.rf 1440.00000000 50266.20226744899529692 0.10000 7 
 fake.rf 1440.00000000 50280.08466451633511340 0.10000 7 
 fake.rf 1440.00000000 50294.11878482184932793 0.10000 7 
 fake.rf 1440.00000000 50307.99905414650156388 0.10000 7 
 fake.rf 1440.00000000 50322.01176896142548145 0.10000 7 
 fake.rf 1440.00000000 50336.03556171944119768 0.10000 7 
 fake.rf 1440.00000000 50349.56909258357760351 0.10000 7 
 fake.rf 1440.00000000 50364.01517936051615010 0.10000 7 
 fake.rf 1440.00000000 50377.87279401896651265 0.10000 7 
 fake.rf 1440.00000000 50391.52743082043435763 0.10000 7 
 fake.rf 1440.00000000 50405.49249858414699688 0.10000 7 
 fake.rf 1440.00000000 50419.48891002222959656 0.10000 7 
 fake.rf 1440.00000000 50433.83835889007236375 0.10000 7 
 fake.rf 1440.00000000 50447.84471346503625711 0.10000 7 
 fake.rf 1440.00000000 50461.73384079809119740 0.10000 7 
 fake.rf 1440.00000000 50475.32809070633836868 0.10000 7 
 fake.rf 1440.00000000 50489.61165255115746930 0.10000 7 
 fake.rf 1440.00000000 50503.33761475489766113 0.10000 7 
 fake.rf 1440.00000000 50517.16111319004218316 0.10000 7 
 fake.rf 1440.00000000 50531.64479148023189126 0.10000 7 
 fake.rf 1440.00000000 50545.08243236829355638 0.10000 7 
 fake.rf 1440.00000000 50559.29590219516782668 0.10000 7 
 fake.rf 1440.00000000 50573.11803842190250435 0.10000 7 
 fake.rf 1440.00000000 50587.03274787831688286 0.10000 7 
 fake.rf 1440.00000000 50601.05319683436633582 0.10000 7 
 fake.rf 1440.00000000 50615.26157520959783298 0.10000 7 
 fake.rf 1440.00000000 50629.41625445776698555 0.10000 7 
 fake.rf 1440.00000000 50642.89463940364110073 0.10000 7 
 fake.rf 1440.00000000 50657.04641144732280722 0.10000 7 
 fake.rf 1440.00000000 50671.18921742622560345 0.10000 7 
 fake.rf 1440.00000000 50685.25624901235375219 0.10000 7 
 fake.rf 1440.00000000 50698.68853585642927584 0.10000 7 
 fake.rf 1440.00000000 50712.75196490014138462 0.10000 7 
 fake.rf 1440.00000000 50726.89134291855724257 0.10000 7 
 fake.rf 1440.00000000 50740.90879183520917195 0.10000 7 
 fake.rf 1440.00000000 50755.02316176613523524 0.10000 7 
 fake.rf 1440.00000000 50768.55789189891173407 0.10000 7 
 fake.rf 1440.00000000 50782.81376445611062209 0.10000 7 
 fake.rf 1440.00000000 50796.74578055587733871 0.10000 7 
 fake.rf 1440.00000000 50810.84301801950456934 0.10000 7 
 fake.rf 1440.00000000 50824.79175344712623996 0.10000 7 
 fake.rf 1440.00000000 50838.72706345216759871 0.10000 7 
 fake.rf 1440.00000000 50852.19227172900854583 0.10000 7 
 fake.rf 1440.00000000 50866.52868209048881809 0.10000 7 
 fake.rf 1440.00000000 50880.50857274695507115 0.10000 7 
 fake.rf 1440.00000000 50894.56780109706397397 0.10000 7 
 fake.rf 1440.00000000 50908.53668739151674316 0.10000 7 
 fake.rf 1440.00000000 50922.17169923112267682 0.10000 7 
 fake.rf 1440.00000000 50935.99511589743805118 0.10000 7 
 fake.rf 1440.00000000 50950.49239342381621043 0.10000 7 
 fake.rf 1440.00000000 50963.98264293238254652 0.10000 7 
 fake.rf 1440.00000000 50977.94859324029328107 0.10000 7 
 fake.rf 1440.00000000 50992.03089997573207270 0.10000 7 
 fake.rf 1440.00000000 51006.04817844126422344 0.10000 7 
 fake.rf 1440.00000000 51019.96706423428707211 0.10000 7 
 fake.rf 1440.00000000 51034.10804599733156905 0.10000 7 
 fake.rf 1440.00000000 51047.70526225403457943 0.10000 7 
 fake.rf 1440.00000000 51061.81705338830504814 0.10000 7 
 fake.rf 1440.00000000 51076.14131282498567188 0.10000 7 
 fake.rf 1440.00000000 51089.92852712278280691 0.10000 7 
 fake.rf 1440.00000000 51103.55468366685009229 0.10000 7 
 fake.rf 1440.00000000 51117.98420075322093226 0.10000 7 
 fake.rf 1440.00000000 51131.90859464067670359 0.10000 7 
 fake.rf 1440.00000000 51145.63640628947518252 0.10000 7 
 fake.rf 1440.00000000 51159.57686083993480608 0.10000 7 
 fake.rf 1440.00000000 51173.55692970621818816 0.10000 7 
 fake.rf 1440.00000000 51187.43733732786363788 0.10000 7 
 fake.rf 1440.00000000 51201.61741469165092511 0.10000 7 
 fake.rf 1440.00000000 51215.22491556854265937 0.10000 7 
 fake.rf 1440.00000000 51229.74223200539063683 0.10000 7 
 fake.rf 1440.00000000 51243.39110628955968707 0.10000 7 
 fake.rf 1440.00000000 51257.65223525023598228 0.10000 7 
 fake.rf 1440.00000000 51271.47642111219200700 0.10000 7 
 fake.rf 1440.00000000 51285.29539643668565674 0.10000 7 
 fake.rf 1440.00000000 51299.26449514499953963 0.10000 7 
 fake.rf 1440.00000000 51313.10679770389103993 0.10000 7 
 fake.rf 1440.00000000 51327.02322746852221513 0.10000 7 
 fake.rf 1440.00000000 51340.99943854377236363 0.10000 7 
 fake.rf 1440.00000000 51355.18164569596486757 0.10000 7 
 fake.rf 1440.00000000 51368.95971819269782443 0.10000 7 
 fake.rf 1440.00000000 51382.80476613518577267 0.10000 7 
 fake.rf 1440.00000000 51397.18211558684646079 0.10000 7 
 fake.rf 1440.00000000 51410.96436441823621877 0.10000 7 
 fake.rf 1440.00000000 51424.92994520364223376 0.10000 7 
 fake.rf 1440.00000000 51438.69613247330140027 0.10000 7 
 fake.rf 1440.00000000 51453.10215988568641166 0.10000 7 
 fake.rf 1440.00000000 51466.58028181318650240 0.10000 7 
 fake.rf 1440.00000000 51480.64857805059549634 0.10000 7 
 fake.rf 1440.00000000 51494.53795598240042253 0.10000 7 
 fake.rf 1440.00000000 51508.37856348895360270 0.10000 7 
 fake.rf 1440.00000000 51522.93896672886333477 0.10000 7 
 fake.rf 1440.00000000 51536.49272723075093339 0.10000 7 
 fake.rf 1440.00000000 51550.80107792136701406 0.10000 7 
 fake.rf 1440.00000000 51564.65743450529176073 0.10000 7 
 fake.rf 1440.00000000 51578.64389932736089150 0.10000 7 
 fake.rf 1440.00000000 51592.26426395166870975 0.10000 7 
 fake.rf 1440.00000000 51606.13891544968945979 0.10000 7 
 fake.rf 1440.00000000 51620.71068068749426772 0.10000 7 
 fake.rf 1440.00000000 51634.54934870606966868 0.10000 7 
 fake.rf 1440.00000000 51648.06972711676180765 0.10000 7 
 fake.rf 1440.00000000 51662.53036819816647096 0.10000 7 
 fake.rf 1440.00000000 51676.05613659058859000 0.10000 7 
 fake.rf 1440.00000000 51690.54253670586928848 0.10000 7 
 fake.rf 1440.00000000 51704.19892303026733416 0.10000 7 
 fake.rf 1440.00000000 51718.24855946643163307 0.10000 7 
 fake.rf 1440.00000000 51732.07561771345666557 0.10000 7 
 fake.rf 1440.00000000 51746.27919937383992632 0.10000 7 
 fake.rf 1440.00000000 51760.28349160508672355 0.10000 7 
 fake.rf 1440.00000000 51774.12498700709564758 0.10000 7 
 fake.rf 1440.00000000 51787.88233517752808410 0.10000 7 
 fake.rf 1440.00000000 51801.70292600599690402 0.10000 7 
 fake.rf 1440.00000000 51816.09436204037198692 0.10000 7 
 fake.rf 1440.00000000 51829.60061906120768782 0.10000 7 
 fake.rf 1440.00000000 51843.90835142548652570 0.10000 7 
 fake.rf 1440.00000000 51857.63692768362963648 0.10000 7 
 fake.rf 1440.00000000 51871.61426473398311998 0.10000 7 
 fake.rf 1440.00000000 51885.69958388166903873 0.10000 7 
 fake.rf 1440.00000000 51899.61117486323221470 0.10000 7 
 fake.rf 1440.00000000 51913.69503417042867710 0.10000 7 
 fake.rf 1440.00000000 51927.70795730347816743 0.10000 7 
 fake.rf 1440.00000000 51941.49838183355228693 0.10000 7 
 fake.rf 1440.00000000 51955.51420385562728654 0.10000 7 
 fake.rf 1440.00000000 51969.11911352553604360 0.10000 7 
 fake.rf 1440.00000000 51983.25611482060890012 0.10000 7 
 fake.rf 1440.00000000 51997.16651946611550272 0.10000 7 
 fake.rf 1440.00000000 52011.46278672658053921 0.10000 7 
 fake.rf 1440.00000000 52025.25837871277682467 0.10000 7 
 fake.rf 1440.00000000 52039.08166093998397272 0.10000 7 
 fake.rf 1440.00000000 52053.32125276596589103 0.10000 7 
 fake.rf 1440.00000000 52066.99373884690226078 0.10000 7 
 fake.rf 1440.00000000 52081.04229221862717836 0.10000 7 
 fake.rf 1440.00000000 52095.11408459943775284 0.10000 7 
 fake.rf 1440.00000000 52109.01723179297680133 0.10000 7 
 fake.rf 1440.00000000 52122.92374472800998575 0.10000 7 
 fake.rf 1440.00000000 52136.69014947103009661 0.10000 7 
 fake.rf 1440.00000000 52150.68115915439376451 0.10000 7 
 fake.rf 1440.00000000 52165.11962301763295002 0.10000 7 
 fake.rf 1440.00000000 52179.12783546259873901 0.10000 7 
 fake.rf 1440.00000000 52193.16136343294506972 0.10000 7 
 fake.rf 1440.00000000 52206.81288212237332758 0.10000 7 
 fake.rf 1440.00000000 52220.61666883681363771 0.10000 7 
 fake.rf 1440.00000000 52234.50901367965276734 0.10000 7 
 fake.rf 1440.00000000 52248.59019450808314389 0.10000 7 
 fake.rf 1440.00000000 52262.60513098856760195 0.10000 7 
 fake.rf 1440.00000000 52276.84343429780146906 0.10000 7 
 fake.rf 1440.00000000 52290.69141744157774809 0.10000 7 
 fake.rf 1440.00000000 52304.72191694081508118 0.10000 7 
 fake.rf 1440.00000000 52318.41709883128596204 0.10000 7 
 fake.rf 1440.00000000 52332.21489903101382168 0.10000 7 
 fake.rf 1440.00000000 52346.36748393136066682 0.10000 7 
 fake.rf 1440.00000000 52360.11381501094947311 0.10000 7 
 fake.rf 1440.00000000 52374.40693241548649439 0.10000 7 
 fake.rf 1440.00000000 52388.61356547805064920 0.10000 7 
 fake.rf 1440.00000000 52402.00303227799059869 0.10000 7 
 fake.rf 1440.00000000 52416.47137705216699288 0.10000 7 
 fake.rf 1440.00000000 52429.95997416842587668 0.10000 7 
 fake.rf 1440.00000000 52444.35060096843549360 0.10000 7 
 fake.rf 1440.00000000 52457.98609709924260258 0.10000 7 
 fake.rf 1440.00000000 52472.00286914289408458 0.10000 7 
 fake.rf 1440.00000000 52486.00464720602174751 0.10000 7 
 fake.rf 1440.00000000 52500.01752215177458183 0.10000 7 
 fake.rf 1440.00000000 52514.12107364643049934 0.10000 7 
 fake.rf 1440.00000000 52528.23287010515718976 0.10000 7 
 fake.rf 1440.00000000 52542.18711832244773063 0.10000 7 
 fake.rf 1440.00000000 52555.56874212092979803 0.10000 7 
 fake.rf 1440.00000000 52569.48516944367334247 0.10000 7 
 fake.rf 1440.00000000 52583.46865334191218722 0.10000 7 
 fake.rf 1440.00000000 52597.99363382346959739 0.10000 7 
 fake.rf 1440.00000000 52611.95649962588177573 0.10000 7 
 fake.rf 1440.00000000 52625.34507093813563117 0.10000 7 
 fake.rf 1440.00000000 52639.55979614297036662 0.10000 7 
 fake.rf 1440.00000000 52653.36467475325277476 0.10000 7 
 fake.rf 1440.00000000 52667.35048367361183352 0.10000 7 
 fake.rf 1440.00000000 52681.68461574021014115 0.10000 7 
 fake.rf 1440.00000000 52695.54265681468924853 0.10000 7 
 fake.rf 1440.00000000 52709.13832845703477403 0.10000 7 
 fake.rf 1440.00000000 52723.35866974802025453 0.10000 7 
 fake.rf 1440.00000000 52737.28543646068562367 0.10000 7 
 fake.rf 1440.00000000 52751.28118270118618582 0.10000 7 
 fake.rf 1440.00000000 52765.33755018985964114 0.10000 7 
 fake.rf 1440.00000000 52779.45512792616257158 0.10000 7 
 fake.rf 1440.00000000 52793.23543134071814009 0.10000 7 
 fake.rf 1440.00000000 52806.95647563506691924 0.10000 7 
 fake.rf 1440.00000000 52821.31891245340565888 0.10000 7 
 fake.rf 1440.00000000 52835.19357539297304172 0.10000 7 
 fake.rf 1440.00000000 52848.75452389990357460 0.10000 7 
 fake.rf 1440.00000000 52863.31045052456647682 0.10000 7 
 fake.rf 1440.00000000 52876.94729963384674676 0.10000 7 
 fake.rf 1440.00000000 52890.84863705064523387 0.10000 7 
 fake.rf 1440.00000000 52904.79289513758730479 0.10000 7 
 fake.rf 1440.00000000 52919.13641507115956486 0.10000 7 
 fake.rf 1440.00000000 52933.08885340438332534 0.10000 7 
 fake.rf 1440.00000000 52946.50822247676621046 0.10000 7 
 fake.rf 1440.00000000 52961.00176492187094368 0.10000 7 
 fake.rf 1440.00000000 52974.94667751411046908 0.10000 7 
 fake.rf 1440.00000000 52988.45256313387659830 0.10000 7 
 fake.rf 1440.00000000 53002.90075897022583362 0.10000 7 
