FORMAT 1
 fake.rf 1440.00000000 50001.15146805957917309 0.10000 7 
 fake.rf 1440.00000000 50014.55389352262670144 0.10000 7 
 fake.rf 1440.00000000 50029.00318122422801892 0.10000 7 
 fake.rf 1440.00000000 50043.06326788219752544 0.10000 7 
 fake.rf 1440.00000000 50056.71864458479819149 0.10000 7 
 fake.rf 1440.00000000 50070.34437026699971796 0.10000 7 
 fake.rf 1440.00000000 50084.42849192285462578 0.10000 7 
 fake.rf 1440.00000000 50098.45622678743530898 0.10000 7 
 fake.rf 1440.00000000 50112.64488629456928948 0.10000 7 
 fake.rf 1440.00000000 50126.36290561380289788 0.10000 7 
 fake.rf 1440.00000000 50140.64920784220413807 0.10000 7 
 fake.rf 1440.00000000 50154.13619343987106447 0.10000 7 
 fake.rf 1440.00000000 50168.55485176638660860 0.10000 7 
 fake.rf 1440.00000000 50182.26908091378533072 0.10000 7 
 fake.rf 1440.00000000 50196.57853696276518818 0.10000 7 
 fake.rf 1440.00000000 50210.14905807001790450 0.10000 7 
 fake.rf 1440.00000000 50224.28922427337655776 0.10000 7 
 fake.rf 1440.00000000 50238.33267655556535658 0.10000 7 
 fake.rf 1440.00000000 50252.48275331365703522 0.10000 7 
 fake.rf 1440.00000000 50266.22209409094791255 0.10000 7 
 fake.rf 1440.00000000 50280.19303241552693251 0.10000 7 
 fake.rf 1440.00000000 50294.01818433665945918 0.10000 7 
 fake.rf 1440.00000000 50307.69708853670871207 0.10000 7 
 fake.rf 1440.00000000 50322.31717776338125603 0.10000 7 
 fake.rf 1440.00000000 50335.85740899405899285 0.10000 7 
 fake.rf 1440.00000000 50350.19364428816251689 0.10000 7 
 fake.rf 1440.00000000 50363.60466194889708547 0.10000 7 
 fake.rf 1440.00000000 50377.67666170298643280 0.10000 7 
 fake.rf 1440.00000000 50391.99603564052521065 0.10000 7 
 fake.rf 1440.00000000 50405.61783164987688721 0.10000 7 
 fake.rf 1440.00000000 50419.50958662339965599 0.10000 7 
 fake.rf 1440.00000000 50433.83380924922963473 0.10000 7 
 fake.rf 1440.00000000 50447.56292345211920036 0.10000 7 
 fake.rf 1440.00000000 50461.27552553206525587 0.10000 7 
 fake.rf 1440.00000000 50475.69806086678777390 0.10000 7 
 fake.rf 1440.00000000 50489.78744450863380777 0.10000 7 
 fake.rf 1440.00000000 50503.16399832120223934 0.10000 7 
 fake.rf 1440.00000000 50517.70888137064288159 0.10000 7 
 fake.rf 1440.00000000 50531.19755928819056479 0.10000 7 
 fake.rf 1440.00000000 50545.46766536760810240 0.10000 7 
 fake.rf 1440.00000000 50559.10212710970484906 0.10000 7 
 fake.rf 1440.00000000 50573.58200000243414252 0.10000 7 
 fake.rf 1440.00000000 50587.37731771676735804 0.10000 7 
 fake.rf 1440.00000000 50601.46866385114756071 0.10000 7 
 fake.rf 1440.00000000 50615.03432532251105158 0.10000 7 
 fake.rf 1440.00000000 50629.17732515544297200 0.10000 7 
 fake.rf 1440.00000000 50642.87741846407853785 0.10000 7 
 fake.rf 1440.00000000 50657.28813883016202269 0.10000 7 
 fake.rf 1440.00000000 50670.84615039256010860 0.10000 7 
 fake.rf 1440.00000000 50684.73454647648738103 0.10000 7 
 fake.rf 1440.00000000 50698.92283372932538299 0.10000 7 
 fake.rf 1440.00000000 50713.15667636695881271 0.10000 7 
 fake.rf 1440.00000000 50726.90845042209022608 0.10000 7 
 fake.rf 1440.00000000 50740.81386790464123848 0.10000 7 
 fake.rf 1440.00000000 50755.03935920053910635 0.10000 7 
 fake.rf 1440.00000000 50769.03625720080287209 0.10000 7 
 fake.rf 1440.00000000 50782.64946941682251946 0.10000 7 
 fake.rf 1440.00000000 50796.99087106022139437 0.10000 7 
 fake.rf 1440.00000000 50810.43132822836558304 0.10000 7 
 fake.rf 1440.00000000 50824.40214047156970167 0.10000 7 
 fake.rf 1440.00000000 50838.40356420293584705 0.10000 7 
 fake.rf 1440.00000000 50852.44066906293515729 0.10000 7 
 fake.rf 1440.00000000 50866.77392995772064666 0.10000 7 
 fake.rf 1440.00000000 50880.54269399627646209 0.10000 7 
 fake.rf 1440.00000000 50894.33062700037806891 0.10000 7 
 fake.rf 1440.00000000 50908.45798259732618973 0.10000 7 
 fake.rf 1440.00000000 50922.35435636363074252 0.10000 7 
 fake.rf 1440.00000000 50936.22373591368216594 0.10000 7 
 fake.rf 1440.00000000 50950.26753398411107199 0.10000 7 
 fake.rf 1440.00000000 50964.35747836623188789 0.10000 7 
 fake.rf 1440.00000000 50977.86852339172459736 0.10000 7 
 fake.rf 1440.00000000 50992.25167591628855135 0.10000 7 
 fake.rf 1440.00000000 51006.19305263488457314 0.10000 7 
 fake.rf 1440.00000000 51020.20430812382959829 0.10000 7 
 fake.rf 1440.00000000 51034.05036618976065199 0.10000 7 
 fake.rf 1440.00000000 51048.26229709828329462 0.10000 7 
 fake.rf 1440.00000000 51061.78811180720920859 0.10000 7 
 fake.rf 1440.00000000 51076.03915589623681370 0.10000 7 
 fake.rf 1440.00000000 51090.03336658932651915 0.10000 7 
 fake.rf 1440.00000000 51103.82208559916259816 0.10000 7 
 fake.rf 1440.00000000 51117.99975186067871036 0.10000 7 
 fake.rf 1440.00000000 51131.55380915426935218 0.10000 7 
 fake.rf 1440.00000000 51145.61459686566632143 0.10000 7 
 fake.rf 1440.00000000 51159.58226326477342027 0.10000 7 
 fake.rf 1440.00000000 51173.74663082834219807 0.10000 7 
 fake.rf 1440.00000000 51187.40446918068493076 0.10000 7 
 fake.rf 1440.00000000 51201.40725967441148470 0.10000 7 
 fake.rf 1440.00000000 51215.22306547928489451 0.10000 7 
 fake.rf 1440.00000000 51229.26053158475928484 0.10000 7 
 fake.rf 1440.00000000 51243.40867195987534544 0.10000 7 
 fake.rf 1440.00000000 51257.23351604654816782 0.10000 7 
 fake.rf 1440.00000000 51271.31063194673967232 0.10000 7 
 fake.rf 1440.00000000 51285.53410329409931734 0.10000 7 
 fake.rf 1440.00000000 51299.06376769254203651 0.10000 7 
 fake.rf 1440.00000000 51312.94787364321652490 0.10000 7 
 fake.rf 1440.00000000 51326.99750406592549012 0.10000 7 
 fake.rf 1440.00000000 51341.35941681411217274 0.10000 7 
 fake.rf 1440.00000000 51355.17812260387697876 0.10000 7 
 fake.rf 1440.00000000 51369.13535863703852158 0.10000 7 
 fake.rf 1440.00000000 51382.91262882856803884 0.10000 7 
 fake.rf 1440.00000000 51396.85950512853198902 0.10000 7 
 fake.rf 1440.00000000 51411.03267890341288648 0.10000 7 
 fake.rf 1440.00000000 51425.23132768516207491 0.10000 7 
 fake.rf 1440.00000000 51439.15780674363265845 0.10000 7 
 fake.rf 1440.00000000 51452.71379541593837459 0.10000 7 
 fake.rf 1440.00000000 51466.79672833007900223 0.10000 7 
 fake.rf 1440.00000000 51480.97336437449720137 0.10000 7 
 fake.rf 1440.00000000 51494.76006047047357228 0.10000 7 
 fake.rf 1440.00000000 51508.46559689032318019 0.10000 7 
 fake.rf 1440.00000000 51522.67466967700437408 0.10000 7 
 fake.rf 1440.00000000 51536.95497752583892037 0.10000 7 
 fake.rf 1440.00000000 51550.87640627011100847 0.10000 7 
 fake.rf 1440.00000000 51564.67776245439452154 0.10000 7 
 fake.rf 1440.00000000 51578.39041740685112103 0.10000 7 
 fake.rf 1440.00000000 51592.31773858656785947 0.10000 7 
 fake.rf 1440.00000000 51606.32168837224035585 0.10000 7 
 fake.rf 1440.00000000 51620.39707445489842996 0.10000 7 
 fake.rf 1440.00000000 51634.36541216597731108 0.10000 7 
 fake.rf 1440.00000000 51648.22339383172961291 0.10000 7 
 fake.rf 1440.00000000 51662.37447206362630325 0.10000 7 
 fake.rf 1440.00000000 51676.52917626662401318 0.10000 7 
 fake.rf 1440.00000000 51690.25022807229043309 0.10000 7 
 fake.rf 1440.00000000 51704.51664825970694039 0.10000 7 
 fake.rf 1440.00000000 51718.26638322018714788 0.10000 7 
 fake.rf 1440.00000000 51732.22199215618632451 0.10000 7 
 fake.rf 1440.00000000 51746.41074437673595199 0.10000 7 
 fake.rf 1440.00000000 51760.24833579543517104 0.10000 7 
 fake.rf 1440.00000000 51773.93741690790478671 0.10000 7 
 fake.rf 1440.00000000 51787.98310098216165187 0.10000 7 
 fake.rf 1440.00000000 51801.81615452678510181 0.10000 7 
 fake.rf 1440.00000000 51815.98739851526671529 0.10000 7 
 fake.rf 1440.00000000 51830.01818495495566452 0.10000 7 
 fake.rf 1440.00000000 51844.06263833908804273 0.10000 7 
 fake.rf 1440.00000000 51857.80409052476290555 0.10000 7 
 fake.rf 1440.00000000 51871.79958210518221051 0.10000 7 
 fake.rf 1440.00000000 51885.43825018648713154 0.10000 7 
 fake.rf 1440.00000000 51899.96752808447170224 0.10000 7 
 fake.rf 1440.00000000 51913.51121504362074432 0.10000 7 
 fake.rf 1440.00000000 51927.64147198542733008 0.10000 7 
 fake.rf 1440.00000000 51941.24784568813536367 0.10000 7 
 fake.rf 1440.00000000 51955.70549821019620751 0.10000 7 
 fake.rf 1440.00000000 51969.48762238606976993 0.10000 7 
 fake.rf 1440.00000000 51983.72031755477659587 0.10000 7 
 fake.rf 1440.00000000 51997.35088563713192045 0.10000 7 
 fake.rf 1440.00000000 52011.55055751724935575 0.10000 7 
 fake.rf 1440.00000000 52025.08213328183448709 0.10000 7 
 fake.rf 1440.00000000 52039.42154386198532379 0.10000 7 
 fake.rf 1440.00000000 52053.06816120277832738 0.10000 7 
 fake.rf 1440.00000000 52067.27296742018902620 0.10000 7 
 fake.rf 1440.00000000 52080.84191908397711401 0.10000 7 
 fake.rf 1440.00000000 52095.34450736197487331 0.10000 7 
 fake.rf 1440.00000000 52109.07557720264293266 0.10000 7 
 fake.rf 1440.00000000 52123.07047343586809518 0.10000 7 
 fake.rf 1440.00000000 52137.21104127507494042 0.10000 7 
 fake.rf 1440.00000000 52150.73007213816233119 0.10000 7 
 fake.rf 1440.00000000 52164.71880334538370860 0.10000 7 
 fake.rf 1440.00000000 52179.08634949902727485 0.10000 7 
 fake.rf 1440.00000000 52193.14786456056765118 0.10000 7 
 fake.rf 1440.00000000 52206.86390289199061598 0.10000 7 
 fake.rf 1440.00000000 52220.64869254839531010 0.10000 7 
 fake.rf 1440.00000000 52234.58148714660817902 0.10000 7 
 fake.rf 1440.00000000 52248.50699558966815417 0.10000 7 
 fake.rf 1440.00000000 52262.36079771559306550 0.10000 7 
 fake.rf 1440.00000000 52276.37627179700774604 0.10000 7 
 fake.rf 1440.00000000 52290.74812519310955139 0.10000 7 
 fake.rf 1440.00000000 52304.63564493390097354 0.10000 7 
 fake.rf 1440.00000000 52318.32801316381771528 0.10000 7 
 fake.rf 1440.00000000 52332.60070380750185493 0.10000 7 
 fake.rf 1440.00000000 52346.73680330754631029 0.10000 7 
 fake.rf 1440.00000000 52360.59765452442583467 0.10000 7 
 fake.rf 1440.00000000 52374.51494494952888559 0.10000 7 
 fake.rf 1440.00000000 52388.48025634747043711 0.10000 7 
 fake.rf 1440.00000000 52402.16145783016476756 0.10000 7 
 fake.rf 1440.00000000 52416.34966947727137310 0.10000 7 
 fake.rf 1440.00000000 52429.98377498520888906 0.10000 7 
 fake.rf 1440.00000000 52443.90287444787383109 0.10000 7 
 fake.rf 1440.00000000 52458.32755460785027068 0.10000 7 
 fake.rf 1440.00000000 52472.33929677843208594 0.10000 7 
 fake.rf 1440.00000000 52485.94323959785126732 0.10000 7 
 fake.rf 1440.00000000 52499.94428541564652591 0.10000 7 
 fake.rf 1440.00000000 52514.22987193831256292 0.10000 7 
 fake.rf 1440.00000000 52527.70796249360075691 0.10000 7 
 fake.rf 1440.00000000 52542.14497085275037946 0.10000 7 
 fake.rf 1440.00000000 52555.79701301558681692 0.10000 7 
 fake.rf 1440.00000000 52570.12056413024955859 0.10000 7 
 fake.rf 1440.00000000 52584.11482945744661421 0.10000 7 
 fake.rf 1440.00000000 52597.79382888426915343 0.10000 7 
 fake.rf 1440.00000000 52611.85648558315737233 0.10000 7 
 fake.rf 1440.00000000 52625.95049197001446117 0.10000 7 
 fake.rf 1440.00000000 52639.38375580370176721 0.10000 7 
 fake.rf 1440.00000000 52653.26942820515036914 0.10000 7 
 fake.rf 1440.00000000 52667.33445531554560759 0.10000 7 
 fake.rf 1440.00000000 52681.39812030275312793 0.10000 7 
 fake.rf 1440.00000000 52695.17582091328657867 0.10000 7 
 fake.rf 1440.00000000 52709.29454815889163299 0.10000 7 
 fake.rf 1440.00000000 52723.10162591999788972 0.10000 7 
 fake.rf 1440.00000000 52737.47173902057547323 0.10000 7 
 fake.rf 1440.00000000 52751.32106056582084364 0.10000 7 
 fake.rf 1440.00000000 52765.43905506403382333 0.10000 7 
 fake.rf 1440.00000000 52779.31682701459866536 0.10000 7 
 fake.rf 1440.00000000 52793.06522589995338635 0.10000 7 
 fake.rf 1440.00000000 52807.13873686445975508 0.10000 7 
 fake.rf 1440.00000000 52821.02004627111001156 0.10000 7 
 fake.rf 1440.00000000 52835.15453934073616793 0.10000 7 
 fake.rf 1440.00000000 52848.78782140029235848 0.10000 7 
 fake.rf 1440.00000000 52863.00812902814305971 0.10000 7 
 fake.rf 1440.00000000 52877.09994761729624102 0.10000 7 
 fake.rf 1440.00000000 52891.19613587825124412 0.10000 7 
 fake.rf 1440.00000000 52904.79974510700856527 0.10000 7 
 fake.rf 1440.00000000 52919.20039924829376332 0.10000 7 
 fake.rf 1440.00000000 52932.66919275386263521 0.10000 7 
 fake.rf 1440.00000000 52946.59661456710402661 0.10000 7 
 fake.rf 1440.00000000 52960.51358531895279569 0.10000 7 
 fake.rf 1440.00000000 52974.45761323900722672 0.10000 7 
 fake.rf 1440.00000000 52988.74196994621210877 0.10000 7 
 fake.rf 1440.00000000 53002.35405123358066604 0.10000 7 
