FORMAT 1
 fake.rf 1440.00000000 50000.63572032011119717 0.10000 7 
 fake.rf 1440.00000000 50014.63730254945972575 0.10000 7 
 fake.rf 1440.00000000 50029.01693323345914166 0.10000 7 
 fake.rf 1440.00000000 50043.12568501014603228 0.10000 7 
 fake.rf 1440.00000000 50056.59875703648726741 0.10000 7 
 fake.rf 1440.00000000 50070.90228620389176584 0.10000 7 
 fake.rf 1440.00000000 50084.44762455168830684 0.10000 7 
 fake.rf 1440.00000000 50098.68925439542880085 0.10000 7 
 fake.rf 1440.00000000 50112.80871016491053638 0.10000 7 
 fake.rf 1440.00000000 50126.51100181757437113 0.10000 7 
 fake.rf 1440.00000000 50140.59793549609185703 0.10000 7 
 fake.rf 1440.00000000 50154.45906375174147129 0.10000 7 
 fake.rf 1440.00000000 50168.71556979359738548 0.10000 7 
 fake.rf 1440.00000000 50182.29205723498663971 0.10000 7 
 fake.rf 1440.00000000 50196.06918358098842958 0.10000 7 
 fake.rf 1440.00000000 50210.11231447942137862 0.10000 7 
 fake.rf 1440.00000000 50224.46720566885855774 0.10000 7 
 fake.rf 1440.00000000 50238.16386755985801216 0.10000 7 
 fake.rf 1440.00000000 50252.37971746074054735 0.10000 7 
 fake.rf 1440.00000000 50266.40611676371463545 0.10000 7 
 fake.rf 1440.00000000 50280.36131237782178616 0.10000 7 
 fake.rf 1440.00000000 50294.04054028453204950 0.10000 7 
 fake.rf 1440.00000000 50308.20135399218962391 0.10000 7 
 fake.rf 1440.00000000 50321.79838489617721464 0.10000 7 
 fake.rf 1440.00000000 50335.91649308319242806 0.10000 7 
 fake.rf 1440.00000000 50350.25099291961935677 0.10000 7 
 fake.rf 1440.00000000 50363.81367168562275083 0.10000 7 
 fake.rf 1440.00000000 50377.88697657154228438 0.10000 7 
 fake.rf 1440.00000000 50391.53706383335559593 0.10000 7 
 fake.rf 1440.00000000 50406.08899200708166077 0.10000 7 
 fake.rf 1440.00000000 50419.81260435795650565 0.10000 7 
 fake.rf 1440.00000000 50433.47743701454292875 0.10000 7 
 fake.rf 1440.00000000 50447.40250675268204006 0.10000 7 
 fake.rf 1440.00000000 50461.54397578352884324 0.10000 7 
 fake.rf 1440.00000000 50475.35578628997232187 0.10000 7 
 fake.rf 1440.00000000 50489.45882094728721512 0.10000 7 
 fake.rf 1440.00000000 50503.27537854190292066 0.10000 7 
 fake.rf 1440.00000000 50517.33742003188541503 0.10000 7 
 fake.rf 1440.00000000 50531.72031060112927747 0.10000 7 
 fake.rf 1440.00000000 50545.69455000176305148 0.10000 7 
 fake.rf 1440.00000000 50559.49710937104843467 0.10000 7 
 fake.rf 1440.00000000 50573.33849285463911727 0.10000 7 
 fake.rf 1440.00000000 50587.21208666262459985 0.10000 7 
 fake.rf 1440.00000000 50601.30937806015236902 0.10000 7 
 fake.rf 1440.00000000 50615.43214172718997190 0.10000 7 
 fake.rf 1440.00000000 50629.12108804168640219 0.10000 7 
 fake.rf 1440.00000000 50643.29973627085598054 0.10000 7 
 fake.rf 1440.00000000 50657.14895056037376264 0.10000 7 
 fake.rf 1440.00000000 50671.23945146974116938 0.10000 7 
 fake.rf 1440.00000000 50685.00550907452406690 0.10000 7 
 fake.rf 1440.00000000 50698.91934866828466255 0.10000 7 
 fake.rf 1440.00000000 50713.00327138047915199 0.10000 7 
 fake.rf 1440.00000000 50727.15344961632817444 0.10000 7 
 fake.rf 1440.00000000 50740.59966231260995428 0.10000 7 
 fake.rf 1440.00000000 50754.98550859118772394 0.10000 7 
 fake.rf 1440.00000000 50768.62535440386002605 0.10000 7 
 fake.rf 1440.00000000 50782.44429303869678449 0.10000 7 
 fake.rf 1440.00000000 50796.43104403340516839 0.10000 7 
 fake.rf 1440.00000000 50810.84908754267073405 0.10000 7 
 fake.rf 1440.00000000 50824.35633950713882712 0.10000 7 
 fake.rf 1440.00000000 50838.93324484352091730 0.10000 7 
 fake.rf 1440.00000000 50852.44646002078469493 0.10000 7 
 fake.rf 1440.00000000 50866.32343737967355324 0.10000 7 
 fake.rf 1440.00000000 50880.19697182950681480 0.10000 7 
 fake.rf 1440.00000000 50894.55654889791039608 0.10000 7 
 fake.rf 1440.00000000 50908.28356272904789392 0.10000 7 
 fake.rf 1440.00000000 50922.29835791002323475 0.10000 7 
 fake.rf 1440.00000000 50936.51271856840447327 0.10000 7 
 fake.rf 1440.00000000 50950.34000011155789167 0.10000 7 
 fake.rf 1440.00000000 50964.10924511316149577 0.10000 7 
 fake.rf 1440.00000000 50978.33607135890099826 0.10000 7 
 fake.rf 1440.00000000 50992.00413816272468637 0.10000 7 
 fake.rf 1440.00000000 51006.31965947166773390 0.10000 7 
 fake.rf 1440.00000000 51019.79163894919045674 0.10000 7 
 fake.rf 1440.00000000 51034.26188987959944754 0.10000 7 
 fake.rf 1440.00000000 51048.07173417989051245 0.10000 7 
 fake.rf 1440.00000000 51061.93755284008806683 0.10000 7 
 fake.rf 1440.00000000 51075.95801130425111225 0.10000 7 
 fake.rf 1440.00000000 51089.65529591414684063 0.10000 7 
 fake.rf 1440.00000000 51103.64984154655619264 0.10000 7 
 fake.rf 1440.00000000 51118.14125044605100001 0.10000 7 
 fake.rf 1440.00000000 51131.79060077202991508 0.10000 7 
 fake.rf 1440.00000000 51145.90729513153683783 0.10000 7 
 fake.rf 1440.00000000 51159.92044163437695303 0.10000 7 
 fake.rf 1440.00000000 51173.72089736276196348 0.10000 7 
 fake.rf 1440.00000000 51187.59499741387541860 0.10000 7 
 fake.rf 1440.00000000 51201.95288250033109634 0.10000 7 
 fake.rf 1440.00000000 51215.61050296179918462 0.10000 7 
 fake.rf 1440.00000000 51229.50958001145932030 0.10000 7 
 fake.rf 1440.00000000 51243.65706805771784715 0.10000 7 
 fake.rf 1440.00000000 51257.52683314346241872 0.10000 7 
 fake.rf 1440.00000000 51271.37437499882075187 0.10000 7 
 fake.rf 1440.00000000 51285.07330433338578501 0.10000 7 
 fake.rf 1440.00000000 51299.52493942862626142 0.10000 7 
 fake.rf 1440.00000000 51313.28424190944232208 0.10000 7 
 fake.rf 1440.00000000 51327.38097417416325996 0.10000 7 
 fake.rf 1440.00000000 51340.93118259815362947 0.10000 7 
 fake.rf 1440.00000000 51355.41017299216172987 0.10000 7 
 fake.rf 1440.00000000 51369.09282542968456653 0.10000 7 
 fake.rf 1440.00000000 51383.17520802457432794 0.10000 7 
 fake.rf 1440.00000000 51396.79500279341386104 0.10000 7 
 fake.rf 1440.00000000 51410.74270753554471014 0.10000 7 
 fake.rf 1440.00000000 51425.19804969320140486 0.10000 7 
 fake.rf 1440.00000000 51439.17159184216773227 0.10000 7 
 fake.rf 1440.00000000 51452.62950216122917979 0.10000 7 
 fake.rf 1440.00000000 51466.92665463324663833 0.10000 7 
 fake.rf 1440.00000000 51480.74826700822123726 0.10000 7 
 fake.rf 1440.00000000 51494.77688881541135046 0.10000 7 
 fake.rf 1440.00000000 51508.46605919131143381 0.10000 7 
 fake.rf 1440.00000000 51522.68984893199675668 0.10000 7 
 fake.rf 1440.00000000 51536.75124245963396419 0.10000 7 
 fake.rf 1440.00000000 51550.97004775691459599 0.10000 7 
 fake.rf 1440.00000000 51564.88141395828147751 0.10000 7 
 fake.rf 1440.00000000 51578.43106103924271721 0.10000 7 
 fake.rf 1440.00000000 51592.70123910214788054 0.10000 7 
 fake.rf 1440.00000000 51606.45128709567409686 0.10000 7 
 fake.rf 1440.00000000 51620.57992693972384401 0.10000 7 
 fake.rf 1440.00000000 51634.57954936148140490 0.10000 7 
 fake.rf 1440.00000000 51648.69211054199632471 0.10000 7 
 fake.rf 1440.00000000 51662.09138685491540599 0.10000 7 
 fake.rf 1440.00000000 51676.27672351226270209 0.10000 7 
 fake.rf 1440.00000000 51690.29727584257529216 0.10000 7 
 fake.rf 1440.00000000 51704.24898681119199040 0.10000 7 
 fake.rf 1440.00000000 51718.17147869157800244 0.10000 7 
 fake.rf 1440.00000000 51732.01522561782359233 0.10000 7 
 fake.rf 1440.00000000 51746.43113162169222718 0.10000 7 
 fake.rf 1440.00000000 51759.82191547003114707 0.10000 7 
 fake.rf 1440.00000000 51773.92076353089597873 0.10000 7 
 fake.rf 1440.00000000 51788.18721923841137666 0.10000 7 
 fake.rf 1440.00000000 51801.96554807890435157 0.10000 7 
 fake.rf 1440.00000000 51816.18500495843462517 0.10000 7 
 fake.rf 1440.00000000 51830.10948139940214574 0.10000 7 
 fake.rf 1440.00000000 51843.87374113657723029 0.10000 7 
 fake.rf 1440.00000000 51857.92009948583591239 0.10000 7 
 fake.rf 1440.00000000 51871.85634424909826734 0.10000 7 
 fake.rf 1440.00000000 51885.78340702876934998 0.10000 7 
 fake.rf 1440.00000000 51899.49847733120430249 0.10000 7 
 fake.rf 1440.00000000 51913.96122705988648605 0.10000 7 
 fake.rf 1440.00000000 51927.95513760682580795 0.10000 7 
 fake.rf 1440.00000000 51941.39760441605582031 0.10000 7 
 fake.rf 1440.00000000 51955.45570346782277582 0.10000 7 
 fake.rf 1440.00000000 51969.54923348019328699 0.10000 7 
 fake.rf 1440.00000000 51983.24873173912901692 0.10000 7 
 fake.rf 1440.00000000 51997.25642298411541731 0.10000 7 
 fake.rf 1440.00000000 52011.60449288562763570 0.10000 7 
 fake.rf 1440.00000000 52025.61239511411529080 0.10000 7 
 fake.rf 1440.00000000 52039.40836040329196877 0.10000 7 
 fake.rf 1440.00000000 52053.25662962246956411 0.10000 7 
 fake.rf 1440.00000000 52067.30238049390719013 0.10000 7 
 fake.rf 1440.00000000 52081.24913306923985701 0.10000 7 
 fake.rf 1440.00000000 52095.20157129898070636 0.10000 7 
 fake.rf 1440.00000000 52109.47088473671137265 0.10000 7 
 fake.rf 1440.00000000 52122.80974907398700324 0.10000 7 
 fake.rf 1440.00000000 52136.75212417885727234 0.10000 7 
 fake.rf 1440.00000000 52150.98215587995841958 0.10000 7 
 fake.rf 1440.00000000 52164.86965982664343855 0.10000 7 
 fake.rf 1440.00000000 52179.26616703881866499 0.10000 7 
 fake.rf 1440.00000000 52192.92520841933761133 0.10000 7 
 fake.rf 1440.00000000 52206.94978659883518901 0.10000 7 
 fake.rf 1440.00000000 52220.98430886961820363 0.10000 7 
 fake.rf 1440.00000000 52235.12657199677044062 0.10000 7 
 fake.rf 1440.00000000 52248.74216618967540882 0.10000 7 
 fake.rf 1440.00000000 52262.73939109139377024 0.10000 7 
 fake.rf 1440.00000000 52276.68413995730049137 0.10000 7 
 fake.rf 1440.00000000 52290.38431880507335947 0.10000 7 
 fake.rf 1440.00000000 52304.35601432081541518 0.10000 7 
 fake.rf 1440.00000000 52318.26605214651757692 0.10000 7 
 fake.rf 1440.00000000 52332.38619393355619636 0.10000 7 
 fake.rf 1440.00000000 52346.19219873044830393 0.10000 7 
 fake.rf 1440.00000000 52360.13437308619234756 0.10000 7 
 fake.rf 1440.00000000 52374.40187437757285593 0.10000 7 
 fake.rf 1440.00000000 52388.30420424473393481 0.10000 7 
 fake.rf 1440.00000000 52402.37813470292836726 0.10000 7 
 fake.rf 1440.00000000 52416.38336032733535319 0.10000 7 
 fake.rf 1440.00000000 52430.33160749058935934 0.10000 7 
 fake.rf 1440.00000000 52444.12516729265556492 0.10000 7 
 fake.rf 1440.00000000 52458.17652138173989584 0.10000 7 
 fake.rf 1440.00000000 52471.95895976842035324 0.10000 7 
 fake.rf 1440.00000000 52486.30568153243449459 0.10000 7 
 fake.rf 1440.00000000 52499.77434573542996077 0.10000 7 
 fake.rf 1440.00000000 52514.20842960904840169 0.10000 7 
 fake.rf 1440.00000000 52527.87914883585923675 0.10000 7 
 fake.rf 1440.00000000 52541.65535278276356834 0.10000 7 
 fake.rf 1440.00000000 52556.13319358629060929 0.10000 7 
 fake.rf 1440.00000000 52569.78451405203399105 0.10000 7 
 fake.rf 1440.00000000 52583.82897557400529820 0.10000 7 
 fake.rf 1440.00000000 52597.56587976275559981 0.10000 7 
 fake.rf 1440.00000000 52611.65193357149923159 0.10000 7 
 fake.rf 1440.00000000 52626.06032934724986561 0.10000 7 
 fake.rf 1440.00000000 52639.86003768394252589 0.10000 7 
 fake.rf 1440.00000000 52653.35217315689697060 0.10000 7 
 fake.rf 1440.00000000 52667.94105798398989293 0.10000 7 
 fake.rf 1440.00000000 52681.39458678602580122 0.10000 7 
 fake.rf 1440.00000000 52695.58883984830931624 0.10000 7 
 fake.rf 1440.00000000 52709.49403301747681994 0.10000 7 
 fake.rf 1440.00000000 52723.35263321470411313 0.10000 7 
 fake.rf 1440.00000000 52737.55680794159859914 0.10000 7 
 fake.rf 1440.00000000 52751.41026485329751239 0.10000 7 
 fake.rf 1440.00000000 52765.42723307939925448 0.10000 7 
 fake.rf 1440.00000000 52779.47563864315781856 0.10000 7 
 fake.rf 1440.00000000 52793.30949598166581893 0.10000 7 
 fake.rf 1440.00000000 52806.96552490541932556 0.10000 7 
 fake.rf 1440.00000000 52820.95448637766384437 0.10000 7 
 fake.rf 1440.00000000 52834.90050021198089425 0.10000 7 
 fake.rf 1440.00000000 52849.26664759640737401 0.10000 7 
 fake.rf 1440.00000000 52863.24208224200943818 0.10000 7 
 fake.rf 1440.00000000 52877.01988196586200175 0.10000 7 
 fake.rf 1440.00000000 52890.80894272532438194 0.10000 7 
 fake.rf 1440.00000000 52905.27170854561232716 0.10000 7 
 fake.rf 1440.00000000 52918.76778949117857209 0.10000 7 
 fake.rf 1440.00000000 52932.73040729868705156 0.10000 7 
 fake.rf 1440.00000000 52946.99881616768133341 0.10000 7 
 fake.rf 1440.00000000 52960.87050917612051748 0.10000 7 
 fake.rf 1440.00000000 52974.64755689011783701 0.10000 7 
 fake.rf 1440.00000000 52988.76536609220514151 0.10000 7 
 fake.rf 1440.00000000 53002.99327232628897377 0.10000 7 
