FORMAT 1
 fake.rf 1440.00000000 50001.15971621260457169 0.10000 7 
 fake.rf 1440.00000000 50015.05265568549327782 0.10000 7 
 fake.rf 1440.00000000 50028.73817506251587872 0.10000 7 
 fake.rf 1440.00000000 50043.04453211509408206 0.10000 7 
 fake.rf 1440.00000000 50056.77540605420686504 0.10000 7 
 fake.rf 1440.00000000 50070.65795358344403709 0.10000 7 
 fake.rf 1440.00000000 50084.92475499298840091 0.10000 7 
 fake.rf 1440.00000000 50098.81405040314264454 0.10000 7 
 fake.rf 1440.00000000 50112.92907704085935094 0.10000 7 
 fake.rf 1440.00000000 50126.47263102099140042 0.10000 7 
 fake.rf 1440.00000000 50140.25875272672780625 0.10000 7 
 fake.rf 1440.00000000 50154.61618011968604947 0.10000 7 
 fake.rf 1440.00000000 50168.71808380617736134 0.10000 7 
 fake.rf 1440.00000000 50182.55939975011444076 0.10000 7 
 fake.rf 1440.00000000 50196.33679206844609055 0.10000 7 
 fake.rf 1440.00000000 50210.31077920105461487 0.10000 7 
 fake.rf 1440.00000000 50224.51301681968782020 0.10000 7 
 fake.rf 1440.00000000 50238.31759665776676016 0.10000 7 
 fake.rf 1440.00000000 50252.27582378659070628 0.10000 7 
 fake.rf 1440.00000000 50266.21576807003281928 0.10000 7 
 fake.rf 1440.00000000 50280.03400859882121665 0.10000 7 
 fake.rf 1440.00000000 50294.47492825408799533 0.10000 7 
 fake.rf 1440.00000000 50308.24215942923839862 0.10000 7 
 fake.rf 1440.00000000 50321.89472512718402442 0.10000 7 
 fake.rf 1440.00000000 50335.86995178704986742 0.10000 7 
 fake.rf 1440.00000000 50350.30469343192322640 0.10000 7 
 fake.rf 1440.00000000 50364.26389421994645801 0.10000 7 
 fake.rf 1440.00000000 50378.14903985438410672 0.10000 7 
 fake.rf 1440.00000000 50391.73238865606021974 0.10000 7 
 fake.rf 1440.00000000 50405.84762463731789239 0.10000 7 
 fake.rf 1440.00000000 50419.99890251425317089 0.10000 7 
 fake.rf 1440.00000000 50433.48021270421656226 0.10000 7 
 fake.rf 1440.00000000 50447.52661426543463463 0.10000 7 
 fake.rf 1440.00000000 50461.40163759309174907 0.10000 7 
 fake.rf 1440.00000000 50475.89419761660587582 0.10000 7 
 fake.rf 1440.00000000 50489.70969917326944909 0.10000 7 
 fake.rf 1440.00000000 50503.50549607382216522 0.10000 7 
 fake.rf 1440.00000000 50517.63641688627453519 0.10000 7 
 fake.rf 1440.00000000 50531.37943988113181604 0.10000 7 
 fake.rf 1440.00000000 50545.32848952707835011 0.10000 7 
 fake.rf 1440.00000000 50559.70785700330383605 0.10000 7 
 fake.rf 1440.00000000 50573.27522788671256038 0.10000 7 
 fake.rf 1440.00000000 50587.61993098585395146 0.10000 7 
 fake.rf 1440.00000000 50601.47276152129632365 0.10000 7 
 fake.rf 1440.00000000 50615.58634105512328105 0.10000 7 
 fake.rf 1440.00000000 50629.07999588936777968 0.10000 7 
 fake.rf 1440.00000000 50642.94503963071802488 0.10000 7 
 fake.rf 1440.00000000 50657.29908276527354616 0.10000 7 
 fake.rf 1440.00000000 50671.30221023623049348 0.10000 7 
 fake.rf 1440.00000000 50685.16370715218964094 0.10000 7 
 fake.rf 1440.00000000 50698.82925405602726343 0.10000 7 
 fake.rf 1440.00000000 50712.68884805820094996 0.10000 7 
 fake.rf 1440.00000000 50727.02949074208352442 0.10000 7 
 fake.rf 1440.00000000 50741.16716144680566458 0.10000 7 
 fake.rf 1440.00000000 50754.71754728534879675 0.10000 7 
 fake.rf 1440.00000000 50769.07164263293972795 0.10000 7 
 fake.rf 1440.00000000 50783.01561444544337931 0.10000 7 
 fake.rf 1440.00000000 50796.56342708235956351 0.10000 7 
 fake.rf 1440.00000000 50810.84089417336466354 0.10000 7 
 fake.rf 1440.00000000 50824.40644085818215459 0.10000 7 
 fake.rf 1440.00000000 50838.77438217800349207 0.10000 7 
 fake.rf 1440.00000000 50852.57468657360037056 0.10000 7 
 fake.rf 1440.00000000 50866.32643622018102647 0.10000 7 
 fake.rf 1440.00000000 50880.77900511626515012 0.10000 7 
 fake.rf 1440.00000000 50894.49255890899971533 0.10000 7 
 fake.rf 1440.00000000 50908.77509463087738695 0.10000 7 
 fake.rf 1440.00000000 50922.41472449359607211 0.10000 7 
 fake.rf 1440.00000000 50936.62896794478813334 0.10000 7 
 fake.rf 1440.00000000 50950.41398384145105638 0.10000 7 
 fake.rf 1440.00000000 50964.50152947430843398 0.10000 7 
 fake.rf 1440.00000000 50978.03638198268583182 0.10000 7 
 fake.rf 1440.00000000 50992.23899140771082727 0.10000 7 
 fake.rf 1440.00000000 51005.93213397413495969 0.10000 7 
 fake.rf 1440.00000000 51019.84991567871861662 0.10000 7 
 fake.rf 1440.00000000 51033.94358167690856121 0.10000 7 
 fake.rf 1440.00000000 51047.78852980759398505 0.10000 7 
 fake.rf 1440.00000000 51061.90485910433535821 0.10000 7 
 fake.rf 1440.00000000 51075.90179492924962901 0.10000 7 
 fake.rf 1440.00000000 51090.13901231977563100 0.10000 7 
 fake.rf 1440.00000000 51103.63002844174829420 0.10000 7 
 fake.rf 1440.00000000 51118.19335389363883593 0.10000 7 
 fake.rf 1440.00000000 51132.13434418890231470 0.10000 7 
 fake.rf 1440.00000000 51145.52318041986842445 0.10000 7 
 fake.rf 1440.00000000 51159.79870798069368476 0.10000 7 
 fake.rf 1440.00000000 51173.91559511000334837 0.10000 7 
 fake.rf 1440.00000000 51187.55970984052404305 0.10000 7 
 fake.rf 1440.00000000 51201.56089212067580618 0.10000 7 
 fake.rf 1440.00000000 51215.65997714697458321 0.10000 7 
 fake.rf 1440.00000000 51229.55679728244967919 0.10000 7 
 fake.rf 1440.00000000 51243.87367268874360349 0.10000 7 
 fake.rf 1440.00000000 51257.57653050643375536 0.10000 7 
 fake.rf 1440.00000000 51271.21285132779092208 0.10000 7 
 fake.rf 1440.00000000 51285.36825722205064793 0.10000 7 
 fake.rf 1440.00000000 51299.52775738001671613 0.10000 7 
 fake.rf 1440.00000000 51313.65487325121607753 0.10000 7 
 fake.rf 1440.00000000 51327.56205896667713517 0.10000 7 
 fake.rf 1440.00000000 51341.37565419308156223 0.10000 7 
 fake.rf 1440.00000000 51355.18062601230198538 0.10000 7 
 fake.rf 1440.00000000 51369.34028125585946611 0.10000 7 
 fake.rf 1440.00000000 51382.97711850696633462 0.10000 7 
 fake.rf 1440.00000000 51396.90786199836686876 0.10000 7 
 fake.rf 1440.00000000 51411.30726243209099380 0.10000 7 
 fake.rf 1440.00000000 51425.18493519520427526 0.10000 7 
 fake.rf 1440.00000000 51438.84704730876973500 0.10000 7 
 fake.rf 1440.00000000 51453.20245549346465452 0.10000 7 
 fake.rf 1440.00000000 51467.21202037406102292 0.10000 7 
 fake.rf 1440.00000000 51480.75730664984184770 0.10000 7 
 fake.rf 1440.00000000 51494.60060352743310474 0.10000 7 
 fake.rf 1440.00000000 51508.64533030013274839 0.10000 7 
 fake.rf 1440.00000000 51522.46606000833031302 0.10000 7 
 fake.rf 1440.00000000 51536.50526575496235537 0.10000 7 
 fake.rf 1440.00000000 51550.48487741218830749 0.10000 7 
 fake.rf 1440.00000000 51564.95149018701996724 0.10000 7 
 fake.rf 1440.00000000 51578.41775820527523067 0.10000 7 
 fake.rf 1440.00000000 51592.71112350116018774 0.10000 7 
 fake.rf 1440.00000000 51606.66618274646221565 0.10000 7 
 fake.rf 1440.00000000 51620.48145824410272553 0.10000 7 
 fake.rf 1440.00000000 51634.81423190090444564 0.10000 7 
 fake.rf 1440.00000000 51648.23993559265644748 0.10000 7 
 fake.rf 1440.00000000 51662.65692387653308515 0.10000 7 
 fake.rf 1440.00000000 51676.67813242693202369 0.10000 7 
 fake.rf 1440.00000000 51690.51158662227137697 0.10000 7 
 fake.rf 1440.00000000 51704.60312187737707745 0.10000 7 
 fake.rf 1440.00000000 51718.15129562641464034 0.10000 7 
 fake.rf 1440.00000000 51732.18247612367875021 0.10000 7 
 fake.rf 1440.00000000 51746.43935321879862244 0.10000 7 
 fake.rf 1440.00000000 51759.93293879589846185 0.10000 7 
 fake.rf 1440.00000000 51773.81594059834206334 0.10000 7 
 fake.rf 1440.00000000 51787.91601558140163775 0.10000 7 
 fake.rf 1440.00000000 51802.27414911114237484 0.10000 7 
 fake.rf 1440.00000000 51815.83221423848631204 0.10000 7 
 fake.rf 1440.00000000 51829.90125880840861683 0.10000 7 
 fake.rf 1440.00000000 51844.03035219766354658 0.10000 7 
 fake.rf 1440.00000000 51858.17098278028330682 0.10000 7 
 fake.rf 1440.00000000 51871.94036551512267152 0.10000 7 
 fake.rf 1440.00000000 51885.79642652774342793 0.10000 7 
 fake.rf 1440.00000000 51899.98484800322892951 0.10000 7 
 fake.rf 1440.00000000 51914.00440973972360226 0.10000 7 
 fake.rf 1440.00000000 51927.74199373052148232 0.10000 7 
 fake.rf 1440.00000000 51941.34670136887768521 0.10000 7 
 fake.rf 1440.00000000 51955.89188561871418415 0.10000 7 
 fake.rf 1440.00000000 51969.70690133553973311 0.10000 7 
 fake.rf 1440.00000000 51983.32944676629280778 0.10000 7 
 fake.rf 1440.00000000 51997.71280312409911062 0.10000 7 
 fake.rf 1440.00000000 52011.69897962909573153 0.10000 7 
 fake.rf 1440.00000000 52025.65311636403316342 0.10000 7 
 fake.rf 1440.00000000 52039.36309141461380534 0.10000 7 
 fake.rf 1440.00000000 52053.20276948197665234 0.10000 7 
 fake.rf 1440.00000000 52067.52790595048682576 0.10000 7 
 fake.rf 1440.00000000 52081.36847743410149292 0.10000 7 
 fake.rf 1440.00000000 52094.99670317777649586 0.10000 7 
 fake.rf 1440.00000000 52109.38127421587316590 0.10000 7 
 fake.rf 1440.00000000 52123.09352596894699161 0.10000 7 
 fake.rf 1440.00000000 52136.85151303185735827 0.10000 7 
 fake.rf 1440.00000000 52150.82248396282234282 0.10000 7 
 fake.rf 1440.00000000 52165.27080886535203064 0.10000 7 
 fake.rf 1440.00000000 52179.32389912511866115 0.10000 7 
 fake.rf 1440.00000000 52192.82668172003024765 0.10000 7 
 fake.rf 1440.00000000 52207.19623446333205052 0.10000 7 
 fake.rf 1440.00000000 52220.72095913767212139 0.10000 7 
 fake.rf 1440.00000000 52234.62010130146044418 0.10000 7 
 fake.rf 1440.00000000 52248.58594523462341286 0.10000 7 
 fake.rf 1440.00000000 52262.88460716248911098 0.10000 7 
 fake.rf 1440.00000000 52276.95106879577761561 0.10000 7 
 fake.rf 1440.00000000 52290.42910266731587399 0.10000 7 
 fake.rf 1440.00000000 52304.53537348302640098 0.10000 7 
 fake.rf 1440.00000000 52318.49612219979307426 0.10000 7 
 fake.rf 1440.00000000 52332.86747029344351390 0.10000 7 
 fake.rf 1440.00000000 52346.36486226133428090 0.10000 7 
 fake.rf 1440.00000000 52360.76808761612115362 0.10000 7 
 fake.rf 1440.00000000 52374.78236947381452282 0.10000 7 
 fake.rf 1440.00000000 52388.19650506201450213 0.10000 7 
 fake.rf 1440.00000000 52402.45297229044612664 0.10000 7 
 fake.rf 1440.00000000 52416.12802557841888174 0.10000 7 
 fake.rf 1440.00000000 52430.63041021700519906 0.10000 7 
 fake.rf 1440.00000000 52444.24461335424582131 0.10000 7 
 fake.rf 1440.00000000 52457.91202946879077373 0.10000 7 
 fake.rf 1440.00000000 52472.16261521824683811 0.10000 7 
 fake.rf 1440.00000000 52486.32138914677131680 0.10000 7 
 fake.rf 1440.00000000 52500.35216783861364576 0.10000 7 
 fake.rf 1440.00000000 52513.81488445067922655 0.10000 7 
 fake.rf 1440.00000000 52528.30677680764160087 0.10000 7 
 fake.rf 1440.00000000 52542.09368595642847666 0.10000 7 
 fake.rf 1440.00000000 52555.97354706367629262 0.10000 7 
 fake.rf 1440.00000000 52570.26165260840517490 0.10000 7 
 fake.rf 1440.00000000 52584.05775870391878613 0.10000 7 
 fake.rf 1440.00000000 52597.75750417139796511 0.10000 7 
 fake.rf 1440.00000000 52612.13692596791875289 0.10000 7 
 fake.rf 1440.00000000 52625.47404075630122122 0.10000 7 
 fake.rf 1440.00000000 52639.58156503284163819 0.10000 7 
 fake.rf 1440.00000000 52653.52393759687620900 0.10000 7 
 fake.rf 1440.00000000 52667.46508721830146271 0.10000 7 
 fake.rf 1440.00000000 52681.57668147213908583 0.10000 7 
 fake.rf 1440.00000000 52695.85594209362973217 0.10000 7 
 fake.rf 1440.00000000 52709.23511276233086775 0.10000 7 
 fake.rf 1440.00000000 52723.52963365961962339 0.10000 7 
 fake.rf 1440.00000000 52737.28672443436757433 0.10000 7 
 fake.rf 1440.00000000 52751.33153657476639964 0.10000 7 
 fake.rf 1440.00000000 52765.36896492577099238 0.10000 7 
 fake.rf 1440.00000000 52779.32834044165428367 0.10000 7 
 fake.rf 1440.00000000 52793.14793730934279381 0.10000 7 
 fake.rf 1440.00000000 52807.23787360691091308 0.10000 7 
 fake.rf 1440.00000000 52821.31627741146463251 0.10000 7 
 fake.rf 1440.00000000 52835.43056754833566302 0.10000 7 
 fake.rf 1440.00000000 52849.23378323277103874 0.10000 7 
 fake.rf 1440.00000000 52863.18613111667324489 0.10000 7 
 fake.rf 1440.00000000 52876.95285045821466241 0.10000 7 
 fake.rf 1440.00000000 52891.12837501217804004 0.10000 7 
 fake.rf 1440.00000000 52904.70286798649487281 0.10000 7 
 fake.rf 1440.00000000 52918.66658730465270466 0.10000 7 
 fake.rf 1440.00000000 52932.91111658966551090 0.10000 7 
 fake.rf 1440.00000000 52946.65321894086789811 0.10000 7 
 fake.rf 1440.00000000 52961.14705673209168069 0.10000 7 
 fake.rf 1440.00000000 52974.55005458815933395 0.10000 7 
 fake.rf 1440.00000000 52988.87691070599915832 0.10000 7 
 fake.rf 1440.00000000 53003.03041349248543668 0.10000 7 
