FORMAT 1
 fake.rf 1440.00000000 50001.22553113394531721 0.10000 7 
 fake.rf 1440.00000000 50015.01408759021757788 0.10000 7 
 fake.rf 1440.00000000 50029.11107708947323403 0.10000 7 
 fake.rf 1440.00000000 50042.62308700931736638 0.10000 7 
 fake.rf 1440.00000000 50057.00779105663561808 0.10000 7 
 fake.rf 1440.00000000 50070.78632759378910322 0.10000 7 
 fake.rf 1440.00000000 50084.54266316613212595 0.10000 7 
 fake.rf 1440.00000000 50098.82292010840438223 0.10000 7 
 fake.rf 1440.00000000 50112.48909542506189041 0.10000 7 
 fake.rf 1440.00000000 50126.32788894567106652 0.10000 7 
 fake.rf 1440.00000000 50140.41939371017528160 0.10000 7 
 fake.rf 1440.00000000 50154.78439610886325184 0.10000 7 
 fake.rf 1440.00000000 50168.61816175935303619 0.10000 7 
 fake.rf 1440.00000000 50182.27222682516829622 0.10000 7 
 fake.rf 1440.00000000 50196.29977032027135664 0.10000 7 
 fake.rf 1440.00000000 50210.08245367232916223 0.10000 7 
 fake.rf 1440.00000000 50224.42431385787874731 0.10000 7 
 fake.rf 1440.00000000 50238.03215665501713616 0.10000 7 
 fake.rf 1440.00000000 50252.27669425424091898 0.10000 7 
 fake.rf 1440.00000000 50266.57516207477654291 0.10000 7 
 fake.rf 1440.00000000 50279.92379184567979067 0.10000 7 
 fake.rf 1440.00000000 50293.90981203691048762 0.10000 7 
 fake.rf 1440.00000000 50308.43664950020881221 0.10000 7 
 fake.rf 1440.00000000 50321.92859259217639689 0.10000 7 
 fake.rf 1440.00000000 50335.82685929436870609 0.10000 7 
 fake.rf 1440.00000000 50350.27883516011792153 0.10000 7 
 fake.rf 1440.00000000 50364.09851677546960858 0.10000 7 
 fake.rf 1440.00000000 50378.10601648647083906 0.10000 7 
 fake.rf 1440.00000000 50392.20928760541788449 0.10000 7 
 fake.rf 1440.00000000 50405.61439623273097155 0.10000 7 
 fake.rf 1440.00000000 50419.75968069111880965 0.10000 7 
 fake.rf 1440.00000000 50434.01453250002017015 0.10000 7 
 fake.rf 1440.00000000 50447.91309029843026224 0.10000 7 
 fake.rf 1440.00000000 50461.52692369910566583 0.10000 7 
 fake.rf 1440.00000000 50475.99867804740040356 0.10000 7 
 fake.rf 1440.00000000 50489.65349930954003455 0.10000 7 
 fake.rf 1440.00000000 50503.75076197670098210 0.10000 7 
 fake.rf 1440.00000000 50517.35041134379699912 0.10000 7 
 fake.rf 1440.00000000 50531.32371558008664181 0.10000 7 
 fake.rf 1440.00000000 50545.79204632844226097 0.10000 7 
 fake.rf 1440.00000000 50559.26871528998123040 0.10000 7 
 fake.rf 1440.00000000 50573.37175037743857686 0.10000 7 
 fake.rf 1440.00000000 50587.57664292137122430 0.10000 7 
 fake.rf 1440.00000000 50601.59197025507906176 0.10000 7 
 fake.rf 1440.00000000 50615.38729649795758547 0.10000 7 
 fake.rf 1440.00000000 50628.99129189409098828 0.10000 7 
 fake.rf 1440.00000000 50643.49419533689792061 0.10000 7 
 fake.rf 1440.00000000 50657.00294113140536467 0.10000 7 
 fake.rf 1440.00000000 50670.91967206103430144 0.10000 7 
 fake.rf 1440.00000000 50685.03867255866452979 0.10000 7 
 fake.rf 1440.00000000 50698.88411221890467928 0.10000 7 
 fake.rf 1440.00000000 50712.85436566378181311 0.10000 7 
 fake.rf 1440.00000000 50726.99761237969653038 0.10000 7 
 fake.rf 1440.00000000 50740.74144890779260564 0.10000 7 
 fake.rf 1440.00000000 50754.90853817419565175 0.10000 7 
 fake.rf 1440.00000000 50768.98827765871335416 0.10000 7 
 fake.rf 1440.00000000 50782.55564946505707269 0.10000 7 
 fake.rf 1440.00000000 50796.58064639259611539 0.10000 7 
 fake.rf 1440.00000000 50810.70611166314425233 0.10000 7 
 fake.rf 1440.00000000 50824.41498065576834975 0.10000 7 
 fake.rf 1440.00000000 50838.54997897051327982 0.10000 7 
 fake.rf 1440.00000000 50852.85895479259669472 0.10000 7 
 fake.rf 1440.00000000 50866.86090162914261015 0.10000 7 
 fake.rf 1440.00000000 50880.26601707676199737 0.10000 7 
 fake.rf 1440.00000000 50894.22705236780281624 0.10000 7 
 fake.rf 1440.00000000 50908.73897967461565273 0.10000 7 
 fake.rf 1440.00000000 50922.50380912828828528 0.10000 7 
 fake.rf 1440.00000000 50936.60033317166760014 0.10000 7 
 fake.rf 1440.00000000 50950.08346923512877424 0.10000 7 
 fake.rf 1440.00000000 50964.52649569061805579 0.10000 7 
 fake.rf 1440.00000000 50978.46290987012940121 0.10000 7 
 fake.rf 1440.00000000 50992.12760760901324630 0.10000 7 
 fake.rf 1440.00000000 51006.04522855614888854 0.10000 7 
 fake.rf 1440.00000000 51020.22476126755649517 0.10000 7 
 fake.rf 1440.00000000 51033.94301244570241494 0.10000 7 
 fake.rf 1440.00000000 51048.36085238377730988 0.10000 7 
 fake.rf 1440.00000000 51062.18260658304282629 0.10000 7 
 fake.rf 1440.00000000 51075.77532061508435746 0.10000 7 
 fake.rf 1440.00000000 51089.74013240933654245 0.10000 7 
 fake.rf 1440.00000000 51104.18351024623220979 0.10000 7 
 fake.rf 1440.00000000 51117.93345077238291907 0.10000 7 
 fake.rf 1440.00000000 51131.78192835676661687 0.10000 7 
 fake.rf 1440.00000000 51145.56711904118923684 0.10000 7 
 fake.rf 1440.00000000 51159.49853238672816147 0.10000 7 
 fake.rf 1440.00000000 51173.79573922001205233 0.10000 7 
 fake.rf 1440.00000000 51187.78624524296620280 0.10000 7 
 fake.rf 1440.00000000 51201.83562412045748502 0.10000 7 
 fake.rf 1440.00000000 51215.73842875901775784 0.10000 7 
 fake.rf 1440.00000000 51229.79215784608781092 0.10000 7 
 fake.rf 1440.00000000 51243.33856136816481808 0.10000 7 
 fake.rf 1440.00000000 51257.65512773206609864 0.10000 7 
 fake.rf 1440.00000000 51271.21541451800213807 0.10000 7 
 fake.rf 1440.00000000 51285.77568664061293902 0.10000 7 
 fake.rf 1440.00000000 51299.46575922021129301 0.10000 7 
 fake.rf 1440.00000000 51313.13605417187421054 0.10000 7 
 fake.rf 1440.00000000 51327.02892102732717916 0.10000 7 
 fake.rf 1440.00000000 51341.26914699028660749 0.10000 7 
 fake.rf 1440.00000000 51355.40916408485383826 0.10000 7 
 fake.rf 1440.00000000 51369.43678107048587833 0.10000 7 
 fake.rf 1440.00000000 51383.19836917479717542 0.10000 7 
 fake.rf 1440.00000000 51397.15297211801987132 0.10000 7 
 fake.rf 1440.00000000 51411.15522929216488990 0.10000 7 
 fake.rf 1440.00000000 51425.28640789810962275 0.10000 7 
 fake.rf 1440.00000000 51439.19685783388201372 0.10000 7 
 fake.rf 1440.00000000 51452.75020718008404330 0.10000 7 
 fake.rf 1440.00000000 51466.63786298589133850 0.10000 7 
 fake.rf 1440.00000000 51481.00437888155456179 0.10000 7 
 fake.rf 1440.00000000 51495.08437522267287179 0.10000 7 
 fake.rf 1440.00000000 51508.60297114448979983 0.10000 7 
 fake.rf 1440.00000000 51522.97252487516972508 0.10000 7 
 fake.rf 1440.00000000 51536.86745850848230432 0.10000 7 
 fake.rf 1440.00000000 51550.84088764684101136 0.10000 7 
 fake.rf 1440.00000000 51564.43047837964089908 0.10000 7 
 fake.rf 1440.00000000 51578.81549537776065151 0.10000 7 
 fake.rf 1440.00000000 51592.75856393342646555 0.10000 7 
 fake.rf 1440.00000000 51606.68358756012543154 0.10000 7 
 fake.rf 1440.00000000 51620.43066999622132940 0.10000 7 
 fake.rf 1440.00000000 51634.46134352584085647 0.10000 7 
 fake.rf 1440.00000000 51648.32739786553303318 0.10000 7 
 fake.rf 1440.00000000 51662.16643546173872181 0.10000 7 
 fake.rf 1440.00000000 51676.44840522313170084 0.10000 7 
 fake.rf 1440.00000000 51690.66925199834786397 0.10000 7 
 fake.rf 1440.00000000 51704.10680237983788743 0.10000 7 
 fake.rf 1440.00000000 51718.32060371840334412 0.10000 7 
 fake.rf 1440.00000000 51732.26974913773828746 0.10000 7 
 fake.rf 1440.00000000 51746.08248721575493434 0.10000 7 
 fake.rf 1440.00000000 51760.22738148610888231 0.10000 7 
 fake.rf 1440.00000000 51773.78831226495634965 0.10000 7 
 fake.rf 1440.00000000 51787.77929349417575722 0.10000 7 
 fake.rf 1440.00000000 51801.99003078906111952 0.10000 7 
 fake.rf 1440.00000000 51816.01744241875027441 0.10000 7 
 fake.rf 1440.00000000 51830.00125267048623456 0.10000 7 
 fake.rf 1440.00000000 51844.25247319240926203 0.10000 7 
 fake.rf 1440.00000000 51857.78262278875693170 0.10000 7 
 fake.rf 1440.00000000 51871.71510906217714165 0.10000 7 
 fake.rf 1440.00000000 51885.55790506292441577 0.10000 7 
 fake.rf 1440.00000000 51899.68060321808856727 0.10000 7 
 fake.rf 1440.00000000 51914.01783142611077082 0.10000 7 
 fake.rf 1440.00000000 51927.97884983194259689 0.10000 7 
 fake.rf 1440.00000000 51941.65836987635736222 0.10000 7 
 fake.rf 1440.00000000 51955.73671130214347968 0.10000 7 
 fake.rf 1440.00000000 51969.63088935972925597 0.10000 7 
 fake.rf 1440.00000000 51983.32206469102780133 0.10000 7 
 fake.rf 1440.00000000 51997.69488953596622238 0.10000 7 
 fake.rf 1440.00000000 52011.34564398483682623 0.10000 7 
 fake.rf 1440.00000000 52025.68478060683714403 0.10000 7 
 fake.rf 1440.00000000 52039.35418845829121182 0.10000 7 
 fake.rf 1440.00000000 52053.45691815859295914 0.10000 7 
 fake.rf 1440.00000000 52067.19828762186332227 0.10000 7 
 fake.rf 1440.00000000 52081.43864256261183598 0.10000 7 
 fake.rf 1440.00000000 52095.41863588763679616 0.10000 7 
 fake.rf 1440.00000000 52109.48020121101515656 0.10000 7 
 fake.rf 1440.00000000 52123.31296238079060501 0.10000 7 
 fake.rf 1440.00000000 52137.43539877065262544 0.10000 7 
 fake.rf 1440.00000000 52151.08232486945617978 0.10000 7 
 fake.rf 1440.00000000 52164.90245751276762576 0.10000 7 
 fake.rf 1440.00000000 52178.87585807008862204 0.10000 7 
 fake.rf 1440.00000000 52192.70590444289385701 0.10000 7 
 fake.rf 1440.00000000 52206.79186061042805278 0.10000 7 
 fake.rf 1440.00000000 52220.79446846805677396 0.10000 7 
 fake.rf 1440.00000000 52234.87347823430639693 0.10000 7 
 fake.rf 1440.00000000 52249.02507206185532596 0.10000 7 
 fake.rf 1440.00000000 52263.04971624273000330 0.10000 7 
 fake.rf 1440.00000000 52276.75150591875419082 0.10000 7 
 fake.rf 1440.00000000 52290.47147540859242554 0.10000 7 
 fake.rf 1440.00000000 52304.46683196589868459 0.10000 7 
 fake.rf 1440.00000000 52318.71631035225232154 0.10000 7 
 fake.rf 1440.00000000 52332.59720404197959454 0.10000 7 
 fake.rf 1440.00000000 52346.30134818687127662 0.10000 7 
 fake.rf 1440.00000000 52360.55007112235157507 0.10000 7 
 fake.rf 1440.00000000 52374.14871095122664002 0.10000 7 
 fake.rf 1440.00000000 52388.63608918319829399 0.10000 7 
 fake.rf 1440.00000000 52402.15054956570148903 0.10000 7 
 fake.rf 1440.00000000 52416.14525743541563685 0.10000 7 
 fake.rf 1440.00000000 52430.37701999330982261 0.10000 7 
 fake.rf 1440.00000000 52444.24712753852048053 0.10000 7 
 fake.rf 1440.00000000 52457.95253143337527746 0.10000 7 
 fake.rf 1440.00000000 52471.89192790995942772 0.10000 7 
 fake.rf 1440.00000000 52485.90299118689191715 0.10000 7 
 fake.rf 1440.00000000 52500.05465726685761396 0.10000 7 
 fake.rf 1440.00000000 52514.27263475742414656 0.10000 7 
 fake.rf 1440.00000000 52528.30191741664341620 0.10000 7 
 fake.rf 1440.00000000 52541.88670828722764483 0.10000 7 
 fake.rf 1440.00000000 52555.97567294301146035 0.10000 7 
 fake.rf 1440.00000000 52570.16561816126701956 0.10000 7 
 fake.rf 1440.00000000 52584.10222778648320840 0.10000 7 
 fake.rf 1440.00000000 52598.04955119015143694 0.10000 7 
 fake.rf 1440.00000000 52611.58445627952663415 0.10000 7 
 fake.rf 1440.00000000 52626.05600508026645912 0.10000 7 
 fake.rf 1440.00000000 52639.46084401710552925 0.10000 7 
 fake.rf 1440.00000000 52653.70324973493967491 0.10000 7 
 fake.rf 1440.00000000 52667.62536761758913428 0.10000 7 
 fake.rf 1440.00000000 52681.88669313394863636 0.10000 7 
 fake.rf 1440.00000000 52695.52530253263516613 0.10000 7 
 fake.rf 1440.00000000 52709.85410282259757508 0.10000 7 
 fake.rf 1440.00000000 52723.20695723905313557 0.10000 7 
 fake.rf 1440.00000000 52737.54581583106445564 0.10000 7 
 fake.rf 1440.00000000 52751.49565397863647931 0.10000 7 
 fake.rf 1440.00000000 52765.43429476967381220 0.10000 7 
 fake.rf 1440.00000000 52779.51552363534573686 0.10000 7 
 fake.rf 1440.00000000 52793.08564406061124075 0.10000 7 
 fake.rf 1440.00000000 52807.32781739284789424 0.10000 7 
 fake.rf 1440.00000000 52821.26798391485754181 0.10000 7 
 fake.rf 1440.00000000 52835.05745746464784673 0.10000 7 
 fake.rf 1440.00000000 52849.33256475503539562 0.10000 7 
 fake.rf 1440.00000000 52862.87605322864408919 0.10000 7 
 fake.rf 1440.00000000 52877.24052701941214139 0.10000 7 
 fake.rf 1440.00000000 52891.25926427125005702 0.10000 7 
 fake.rf 1440.00000000 52904.78037525762343662 0.10000 7 
 fake.rf 1440.00000000 52919.19413842864117115 0.10000 7 
 fake.rf 1440.00000000 52932.73610120077262309 0.10000 7 
 fake.rf 1440.00000000 52947.18008238800432608 0.10000 7 
 fake.rf 1440.00000000 52960.99468763023328322 0.10000 7 
 fake.rf 1440.00000000 52974.82633397071630554 0.10000 7 
 fake.rf 1440.00000000 52988.73083927247465752 0.10000 7 
 fake.rf 1440.00000000 53002.77361575245639713 0.10000 7 
