FORMAT 1
 fake.rf 1440.00000000 50001.19846938710057671 0.10000 7 
 fake.rf 1440.00000000 50015.26329699015816743 0.10000 7 
 fake.rf 1440.00000000 50029.16778104876640754 0.10000 7 
 fake.rf 1440.00000000 50043.11378509869095410 0.10000 7 
 fake.rf 1440.00000000 50056.65769639312910400 0.10000 7 
 fake.rf 1440.00000000 50070.54277899543949815 0.10000 7 
 fake.rf 1440.00000000 50084.46815898298476810 0.10000 7 
 fake.rf 1440.00000000 50098.82855731884561479 0.10000 7 
 fake.rf 1440.00000000 50112.36445996345408105 0.10000 7 
 fake.rf 1440.00000000 50126.37390317673484930 0.10000 7 
 fake.rf 1440.00000000 50140.40038170653645366 0.10000 7 
 fake.rf 1440.00000000 50154.39826800025331011 0.10000 7 
 fake.rf 1440.00000000 50168.49074942513856357 0.10000 7 
 fake.rf 1440.00000000 50182.59288252332568803 0.10000 7 
 fake.rf 1440.00000000 50196.58837013691998763 0.10000 7 
 fake.rf 1440.00000000 50210.53867469052287120 0.10000 7 
 fake.rf 1440.00000000 50224.10230339284585810 0.10000 7 
 fake.rf 1440.00000000 50238.21442092704792515 0.10000 7 
 fake.rf 1440.00000000 50252.31724164342602990 0.10000 7 
 fake.rf 1440.00000000 50266.38897865937092746 0.10000 7 
 fake.rf 1440.00000000 50280.49167008063540152 0.10000 7 
 fake.rf 1440.00000000 50294.39943627753695665 0.10000 7 
 fake.rf 1440.00000000 50308.01825740789705321 0.10000 7 
 fake.rf 1440.00000000 50322.40033456914670040 0.10000 7 
 fake.rf 1440.00000000 50336.31004609952457685 0.10000 7 
 fake.rf 1440.00000000 50350.21162250183741804 0.10000 7 
 fake.rf 1440.00000000 50363.70736141386730012 0.10000 7 
 fake.rf 1440.00000000 50378.14913687064529668 0.10000 7 
 fake.rf 1440.00000000 50392.15860377858958330 0.10000 7 
 fake.rf 1440.00000000 50406.01942489159981875 0.10000 7 
 fake.rf 1440.00000000 50419.98626243174262029 0.10000 7 
 fake.rf 1440.00000000 50433.93795225549946082 0.10000 7 
 fake.rf 1440.00000000 50447.90182706288960546 0.10000 7 
 fake.rf 1440.00000000 50461.81137466561522942 0.10000 7 
 fake.rf 1440.00000000 50475.74729472197792646 0.10000 7 
 fake.rf 1440.00000000 50489.95997340512471041 0.10000 7 
 fake.rf 1440.00000000 50503.79282985201162859 0.10000 7 
 fake.rf 1440.00000000 50517.69235585424675961 0.10000 7 
 fake.rf 1440.00000000 50531.63699231633873055 0.10000 7 
 fake.rf 1440.00000000 50545.71064394571407163 0.10000 7 
 fake.rf 1440.00000000 50559.65783941037946292 0.10000 7 
 fake.rf 1440.00000000 50573.66718034179984542 0.10000 7 
 fake.rf 1440.00000000 50587.11027769882018390 0.10000 7 
 fake.rf 1440.00000000 50601.18818063870277157 0.10000 7 
 fake.rf 1440.00000000 50615.33788076598727201 0.10000 7 
 fake.rf 1440.00000000 50629.48135842942747331 0.10000 7 
 fake.rf 1440.00000000 50642.88112547518781525 0.10000 7 
 fake.rf 1440.00000000 50657.29934692705993982 0.10000 7 
 fake.rf 1440.00000000 50670.92650147051083209 0.10000 7 
 fake.rf 1440.00000000 50685.13398202941650084 0.10000 7 
 fake.rf 1440.00000000 50698.99549991676236971 0.10000 7 
 fake.rf 1440.00000000 50712.76357191268850855 0.10000 7 
 fake.rf 1440.00000000 50726.91704470990485731 0.10000 7 
 fake.rf 1440.00000000 50741.10227623987860923 0.10000 7 
 fake.rf 1440.00000000 50754.62398508278049292 0.10000 7 
 fake.rf 1440.00000000 50768.72539540482938136 0.10000 7 
 fake.rf 1440.00000000 50782.85042953787313991 0.10000 7 
 fake.rf 1440.00000000 50796.57276978620015484 0.10000 7 
 fake.rf 1440.00000000 50810.48751525812036789 0.10000 7 
 fake.rf 1440.00000000 50824.66024216833559990 0.10000 7 
 fake.rf 1440.00000000 50838.94829641325091529 0.10000 7 
 fake.rf 1440.00000000 50852.86810541979071587 0.10000 7 
 fake.rf 1440.00000000 50866.36408149073100304 0.10000 7 
 fake.rf 1440.00000000 50880.65423650876477879 0.10000 7 
 fake.rf 1440.00000000 50894.52181920777766777 0.10000 7 
 fake.rf 1440.00000000 50908.65860811090992755 0.10000 7 
 fake.rf 1440.00000000 50922.53300129972906163 0.10000 7 
 fake.rf 1440.00000000 50936.27166659083607314 0.10000 7 
 fake.rf 1440.00000000 50950.34620740463174826 0.10000 7 
 fake.rf 1440.00000000 50964.20346313992945042 0.10000 7 
 fake.rf 1440.00000000 50978.05400603190667042 0.10000 7 
 fake.rf 1440.00000000 50992.11396847819874623 0.10000 7 
 fake.rf 1440.00000000 51006.01879148840468403 0.10000 7 
 fake.rf 1440.00000000 51020.01732423243781511 0.10000 7 
 fake.rf 1440.00000000 51034.19341578119747282 0.10000 7 
 fake.rf 1440.00000000 51048.28616478050654948 0.10000 7 
 fake.rf 1440.00000000 51061.79973472388135747 0.10000 7 
 fake.rf 1440.00000000 51076.08048599639187870 0.10000 7 
 fake.rf 1440.00000000 51089.96301582946400188 0.10000 7 
 fake.rf 1440.00000000 51103.80863302390918079 0.10000 7 
 fake.rf 1440.00000000 51117.66842423797303141 0.10000 7 
 fake.rf 1440.00000000 51132.11736474421233822 0.10000 7 
 fake.rf 1440.00000000 51145.76928025766087060 0.10000 7 
 fake.rf 1440.00000000 51159.82077020408498313 0.10000 7 
 fake.rf 1440.00000000 51173.82650162020944862 0.10000 7 
 fake.rf 1440.00000000 51187.70501860111343362 0.10000 7 
 fake.rf 1440.00000000 51201.89614499050498964 0.10000 7 
 fake.rf 1440.00000000 51215.39846990889937572 0.10000 7 
 fake.rf 1440.00000000 51229.70421991631505421 0.10000 7 
 fake.rf 1440.00000000 51243.84831765663017222 0.10000 7 
 fake.rf 1440.00000000 51257.56159566588417675 0.10000 7 
 fake.rf 1440.00000000 51271.52695926635986723 0.10000 7 
 fake.rf 1440.00000000 51285.62909232586907393 0.10000 7 
 fake.rf 1440.00000000 51299.54323907933241244 0.10000 7 
 fake.rf 1440.00000000 51313.17031712625757933 0.10000 7 
 fake.rf 1440.00000000 51327.17825880614388012 0.10000 7 
 fake.rf 1440.00000000 51341.26742061849490995 0.10000 7 
 fake.rf 1440.00000000 51355.47378461994180299 0.10000 7 
 fake.rf 1440.00000000 51369.25861745270879055 0.10000 7 
 fake.rf 1440.00000000 51383.46054626962744649 0.10000 7 
 fake.rf 1440.00000000 51396.89572536966877436 0.10000 7 
 fake.rf 1440.00000000 51411.23599396115859861 0.10000 7 
 fake.rf 1440.00000000 51424.86944449996763495 0.10000 7 
 fake.rf 1440.00000000 51438.91433922715835081 0.10000 7 
 fake.rf 1440.00000000 51453.29136671514473278 0.10000 7 
 fake.rf 1440.00000000 51467.13913500940508072 0.10000 7 
 fake.rf 1440.00000000 51480.64833820678478205 0.10000 7 
 fake.rf 1440.00000000 51494.57716159275351941 0.10000 7 
 fake.rf 1440.00000000 51508.74390714447488548 0.10000 7 
 fake.rf 1440.00000000 51522.84053288292711059 0.10000 7 
 fake.rf 1440.00000000 51536.65319950104374058 0.10000 7 
 fake.rf 1440.00000000 51550.71796234405445247 0.10000 7 
 fake.rf 1440.00000000 51564.63508797719711296 0.10000 7 
 fake.rf 1440.00000000 51578.80456290137082931 0.10000 7 
 fake.rf 1440.00000000 51592.29237511341111144 0.10000 7 
 fake.rf 1440.00000000 51606.25345825355719853 0.10000 7 
 fake.rf 1440.00000000 51620.33967622920286544 0.10000 7 
 fake.rf 1440.00000000 51634.72350746798946020 0.10000 7 
 fake.rf 1440.00000000 51648.22514162764731793 0.10000 7 
 fake.rf 1440.00000000 51662.65533558719117480 0.10000 7 
 fake.rf 1440.00000000 51676.55482412641992340 0.10000 7 
 fake.rf 1440.00000000 51690.47462906015390516 0.10000 7 
 fake.rf 1440.00000000 51704.24174591465822814 0.10000 7 
 fake.rf 1440.00000000 51718.28159367307817007 0.10000 7 
 fake.rf 1440.00000000 51732.15377146826839905 0.10000 7 
 fake.rf 1440.00000000 51746.25285906775609490 0.10000 7 
 fake.rf 1440.00000000 51760.33887441696990805 0.10000 7 
 fake.rf 1440.00000000 51774.33844007296497836 0.10000 7 
 fake.rf 1440.00000000 51788.01545110186015819 0.10000 7 
 fake.rf 1440.00000000 51801.92452551072572220 0.10000 7 
 fake.rf 1440.00000000 51816.16424598050527806 0.10000 7 
 fake.rf 1440.00000000 51829.98132878646785926 0.10000 7 
 fake.rf 1440.00000000 51843.60223114418970169 0.10000 7 
 fake.rf 1440.00000000 51858.18029488164557250 0.10000 7 
 fake.rf 1440.00000000 51872.08049870316058261 0.10000 7 
 fake.rf 1440.00000000 51886.11665459343912232 0.10000 7 
 fake.rf 1440.00000000 51899.91404598172433538 0.10000 7 
 fake.rf 1440.00000000 51914.02834567304194380 0.10000 7 
 fake.rf 1440.00000000 51927.36488422588148595 0.10000 7 
 fake.rf 1440.00000000 51941.36724720261208788 0.10000 7 
 fake.rf 1440.00000000 51955.61639868646482654 0.10000 7 
 fake.rf 1440.00000000 51969.47049695867047348 0.10000 7 
 fake.rf 1440.00000000 51983.57584869341442868 0.10000 7 
 fake.rf 1440.00000000 51997.78035202959069139 0.10000 7 
 fake.rf 1440.00000000 52011.17548438806952760 0.10000 7 
 fake.rf 1440.00000000 52025.47354101516401315 0.10000 7 
 fake.rf 1440.00000000 52039.67735359400516870 0.10000 7 
 fake.rf 1440.00000000 52053.19693002967493456 0.10000 7 
 fake.rf 1440.00000000 52067.25037728946514193 0.10000 7 
 fake.rf 1440.00000000 52080.99405014076863196 0.10000 7 
 fake.rf 1440.00000000 52094.98204657698458320 0.10000 7 
 fake.rf 1440.00000000 52108.97320865153696445 0.10000 7 
 fake.rf 1440.00000000 52123.34157904923115368 0.10000 7 
 fake.rf 1440.00000000 52137.13491832365998846 0.10000 7 
 fake.rf 1440.00000000 52151.20415400230433889 0.10000 7 
 fake.rf 1440.00000000 52164.81626170705522583 0.10000 7 
 fake.rf 1440.00000000 52178.74691473933887664 0.10000 7 
 fake.rf 1440.00000000 52192.94039202542552403 0.10000 7 
 fake.rf 1440.00000000 52207.25695807049264729 0.10000 7 
 fake.rf 1440.00000000 52220.90284801944734028 0.10000 7 
 fake.rf 1440.00000000 52235.04362582287753369 0.10000 7 
 fake.rf 1440.00000000 52248.97147159460841337 0.10000 7 
 fake.rf 1440.00000000 52262.47267065785415241 0.10000 7 
 fake.rf 1440.00000000 52276.93924350176936144 0.10000 7 
 fake.rf 1440.00000000 52290.81671244808083898 0.10000 7 
 fake.rf 1440.00000000 52304.92300794470597225 0.10000 7 
 fake.rf 1440.00000000 52318.79729606666222708 0.10000 7 
 fake.rf 1440.00000000 52332.51038242282557889 0.10000 7 
 fake.rf 1440.00000000 52346.76920381020263306 0.10000 7 
 fake.rf 1440.00000000 52360.68492336860285263 0.10000 7 
 fake.rf 1440.00000000 52374.43859859312994587 0.10000 7 
 fake.rf 1440.00000000 52388.31813095197524888 0.10000 7 
 fake.rf 1440.00000000 52402.12617471877701902 0.10000 7 
 fake.rf 1440.00000000 52416.69009453139221222 0.10000 7 
 fake.rf 1440.00000000 52430.14568930818150960 0.10000 7 
 fake.rf 1440.00000000 52444.05375821955659177 0.10000 7 
 fake.rf 1440.00000000 52458.28729413512834157 0.10000 7 
 fake.rf 1440.00000000 52471.98492779219755988 0.10000 7 
 fake.rf 1440.00000000 52486.11746578103435468 0.10000 7 
 fake.rf 1440.00000000 52500.44267514073871084 0.10000 7 
 fake.rf 1440.00000000 52513.92220770153011600 0.10000 7 
 fake.rf 1440.00000000 52528.08096804642429234 0.10000 7 
 fake.rf 1440.00000000 52541.76889880538539401 0.10000 7 
 fake.rf 1440.00000000 52555.65502787419551822 0.10000 7 
 fake.rf 1440.00000000 52569.64535358455086467 0.10000 7 
 fake.rf 1440.00000000 52584.10741281154029991 0.10000 7 
 fake.rf 1440.00000000 52597.64387556723354678 0.10000 7 
 fake.rf 1440.00000000 52611.60308036463365511 0.10000 7 
 fake.rf 1440.00000000 52625.63017621902844922 0.10000 7 
 fake.rf 1440.00000000 52639.52143110671649495 0.10000 7 
 fake.rf 1440.00000000 52653.83141887202609865 0.10000 7 
 fake.rf 1440.00000000 52667.37085169310608990 0.10000 7 
 fake.rf 1440.00000000 52681.89484530117388061 0.10000 7 
 fake.rf 1440.00000000 52695.74425787627608742 0.10000 7 
 fake.rf 1440.00000000 52709.78848976767205414 0.10000 7 
 fake.rf 1440.00000000 52723.56151156090086829 0.10000 7 
 fake.rf 1440.00000000 52737.55544598706665482 0.10000 7 
 fake.rf 1440.00000000 52751.51219192022241344 0.10000 7 
 fake.rf 1440.00000000 52765.70319287673381936 0.10000 7 
 fake.rf 1440.00000000 52779.32750791867563933 0.10000 7 
 fake.rf 1440.00000000 52793.23819957823495841 0.10000 7 
 fake.rf 1440.00000000 52807.22110197097581263 0.10000 7 
 fake.rf 1440.00000000 52821.42984189981697440 0.10000 7 
 fake.rf 1440.00000000 52835.18680327772887395 0.10000 7 
 fake.rf 1440.00000000 52849.10518495600623368 0.10000 7 
 fake.rf 1440.00000000 52862.80774590709899030 0.10000 7 
 fake.rf 1440.00000000 52877.17766907678985788 0.10000 7 
 fake.rf 1440.00000000 52891.36781249173427710 0.10000 7 
 fake.rf 1440.00000000 52904.80623310558594952 0.10000 7 
 fake.rf 1440.00000000 52918.68025372635007386 0.10000 7 
 fake.rf 1440.00000000 52933.23383265375501594 0.10000 7 
 fake.rf 1440.00000000 52946.85667835776154888 0.10000 7 
 fake.rf 1440.00000000 52960.92768530191517939 0.10000 7 
 fake.rf 1440.00000000 52974.54075452823959935 0.10000 7 
 fake.rf 1440.00000000 52988.75462218651415469 0.10000 7 
 fake.rf 1440.00000000 53002.85418095171246122 0.10000 7 
