FORMAT 1
 fake.rf 1440.00000000 50000.85164461646766654 0.10000 7 
 fake.rf 1440.00000000 50014.74169937558628618 0.10000 7 
 fake.rf 1440.00000000 50029.02427375623393857 0.10000 7 
 fake.rf 1440.00000000 50042.67386388745790526 0.10000 7 
 fake.rf 1440.00000000 50056.67365033514403905 0.10000 7 
 fake.rf 1440.00000000 50070.57018983655977351 0.10000 7 
 fake.rf 1440.00000000 50084.84679067677112485 0.10000 7 
 fake.rf 1440.00000000 50098.47946197809229929 0.10000 7 
 fake.rf 1440.00000000 50112.71950358432988537 0.10000 7 
 fake.rf 1440.00000000 50126.69646412871961516 0.10000 7 
 fake.rf 1440.00000000 50140.38688260671554531 0.10000 7 
 fake.rf 1440.00000000 50154.33734224629795051 0.10000 7 
 fake.rf 1440.00000000 50168.30236691317626097 0.10000 7 
 fake.rf 1440.00000000 50182.63631894706297842 0.10000 7 
 fake.rf 1440.00000000 50196.70623343477078393 0.10000 7 
 fake.rf 1440.00000000 50210.27960469038414004 0.10000 7 
 fake.rf 1440.00000000 50224.22728940905327377 0.10000 7 
 fake.rf 1440.00000000 50238.27559660302013356 0.10000 7 
 fake.rf 1440.00000000 50252.34333400260517521 0.10000 7 
 fake.rf 1440.00000000 50265.93768547345415598 0.10000 7 
 fake.rf 1440.00000000 50280.23437383232592879 0.10000 7 
 fake.rf 1440.00000000 50294.03814449179136403 0.10000 7 
 fake.rf 1440.00000000 50308.35612594946187315 0.10000 7 
 fake.rf 1440.00000000 50322.21215130904007040 0.10000 7 
 fake.rf 1440.00000000 50335.80124455074794199 0.10000 7 
 fake.rf 1440.00000000 50349.69941484763213069 0.10000 7 
 fake.rf 1440.00000000 50364.03764748626745273 0.10000 7 
 fake.rf 1440.00000000 50378.14623872484995104 0.10000 7 
 fake.rf 1440.00000000 50391.91428140792735135 0.10000 7 
 fake.rf 1440.00000000 50406.19524542247212295 0.10000 7 
 fake.rf 1440.00000000 50419.71817258017328456 0.10000 7 
 fake.rf 1440.00000000 50433.99759000350060845 0.10000 7 
 fake.rf 1440.00000000 50447.54016810053099462 0.10000 7 
 fake.rf 1440.00000000 50462.05056236749984677 0.10000 7 
 fake.rf 1440.00000000 50476.01779607338578515 0.10000 7 
 fake.rf 1440.00000000 50489.59838662511571172 0.10000 7 
 fake.rf 1440.00000000 50503.37687984471671143 0.10000 7 
 fake.rf 1440.00000000 50517.65894045390203360 0.10000 7 
 fake.rf 1440.00000000 50531.57709508687762323 0.10000 7 
 fake.rf 1440.00000000 50545.63385597889924128 0.10000 7 
 fake.rf 1440.00000000 50559.26443640035644833 0.10000 7 
 fake.rf 1440.00000000 50573.57790225242798954 0.10000 7 
 fake.rf 1440.00000000 50587.62334883844144784 0.10000 7 
 fake.rf 1440.00000000 50601.25718014776766296 0.10000 7 
 fake.rf 1440.00000000 50615.27615733006981102 0.10000 7 
 fake.rf 1440.00000000 50629.42974458469291932 0.10000 7 
 fake.rf 1440.00000000 50643.34183973856578120 0.10000 7 
 fake.rf 1440.00000000 50657.34672781771944017 0.10000 7 
 fake.rf 1440.00000000 50670.92018151497633127 0.10000 7 
 fake.rf 1440.00000000 50684.93824023557275638 0.10000 7 
 fake.rf 1440.00000000 50699.24237255938992064 0.10000 7 
 fake.rf 1440.00000000 50713.15074063768104651 0.10000 7 
 fake.rf 1440.00000000 50727.01079611143024550 0.10000 7 
 fake.rf 1440.00000000 50741.00446928295677296 0.10000 7 
 fake.rf 1440.00000000 50754.80708880683076600 0.10000 7 
 fake.rf 1440.00000000 50768.96113023712074863 0.10000 7 
 fake.rf 1440.00000000 50782.89119979351500334 0.10000 7 
 fake.rf 1440.00000000 50797.07027796570498168 0.10000 7 
 fake.rf 1440.00000000 50810.70447009589317844 0.10000 7 
 fake.rf 1440.00000000 50824.44080838733601624 0.10000 7 
 fake.rf 1440.00000000 50838.93907661574184687 0.10000 7 
 fake.rf 1440.00000000 50852.80108855625914899 0.10000 7 
 fake.rf 1440.00000000 50866.85507042815325818 0.10000 7 
 fake.rf 1440.00000000 50880.26747612340563265 0.10000 7 
 fake.rf 1440.00000000 50894.67810841849890480 0.10000 7 
 fake.rf 1440.00000000 50908.73755002618253940 0.10000 7 
 fake.rf 1440.00000000 50922.43543904995475202 0.10000 7 
 fake.rf 1440.00000000 50936.66279060843123361 0.10000 7 
 fake.rf 1440.00000000 50950.37585215698702612 0.10000 7 
 fake.rf 1440.00000000 50964.03012195399545092 0.10000 7 
 fake.rf 1440.00000000 50978.35246043090702628 0.10000 7 
 fake.rf 1440.00000000 50992.40099521882286027 0.10000 7 
 fake.rf 1440.00000000 51006.40695690828004771 0.10000 7 
 fake.rf 1440.00000000 51020.14630139284382793 0.10000 7 
 fake.rf 1440.00000000 51033.86689347083770585 0.10000 7 
 fake.rf 1440.00000000 51047.93005849481246372 0.10000 7 
 fake.rf 1440.00000000 51061.86121619047896658 0.10000 7 
 fake.rf 1440.00000000 51076.19879623776117583 0.10000 7 
 fake.rf 1440.00000000 51090.30507534556389970 0.10000 7 
 fake.rf 1440.00000000 51103.84791293044158422 0.10000 7 
 fake.rf 1440.00000000 51118.24177771802688852 0.10000 7 
 fake.rf 1440.00000000 51132.02374849376572286 0.10000 7 
 fake.rf 1440.00000000 51146.17984696677830669 0.10000 7 
 fake.rf 1440.00000000 51159.80532657240047456 0.10000 7 
 fake.rf 1440.00000000 51173.61919659461444354 0.10000 7 
 fake.rf 1440.00000000 51187.61614063043991862 0.10000 7 
 fake.rf 1440.00000000 51201.43388778803267414 0.10000 7 
 fake.rf 1440.00000000 51215.88272008429621351 0.10000 7 
 fake.rf 1440.00000000 51229.43030167611848924 0.10000 7 
 fake.rf 1440.00000000 51243.58713362594437157 0.10000 7 
 fake.rf 1440.00000000 51257.81053033107557582 0.10000 7 
 fake.rf 1440.00000000 51271.22793951973374149 0.10000 7 
 fake.rf 1440.00000000 51285.28500951319285761 0.10000 7 
 fake.rf 1440.00000000 51299.60061412178434637 0.10000 7 
 fake.rf 1440.00000000 51313.13532171989067265 0.10000 7 
 fake.rf 1440.00000000 51327.64125016003854540 0.10000 7 
 fake.rf 1440.00000000 51341.38785572845663907 0.10000 7 
 fake.rf 1440.00000000 51355.32534513058178050 0.10000 7 
 fake.rf 1440.00000000 51369.43018454135782491 0.10000 7 
 fake.rf 1440.00000000 51382.92807769279810159 0.10000 7 
 fake.rf 1440.00000000 51397.22472956433332314 0.10000 7 
 fake.rf 1440.00000000 51411.02346689545563052 0.10000 7 
 fake.rf 1440.00000000 51425.27478763624275970 0.10000 7 
 fake.rf 1440.00000000 51438.94896061659725106 0.10000 7 
 fake.rf 1440.00000000 51453.19193510423032478 0.10000 7 
 fake.rf 1440.00000000 51467.20207400338254189 0.10000 7 
 fake.rf 1440.00000000 51480.97763796308520767 0.10000 7 
 fake.rf 1440.00000000 51495.18999635060814768 0.10000 7 
 fake.rf 1440.00000000 51508.90927464875357344 0.10000 7 
 fake.rf 1440.00000000 51522.82934383198479011 0.10000 7 
 fake.rf 1440.00000000 51536.62276579036996438 0.10000 7 
 fake.rf 1440.00000000 51550.77413493641223141 0.10000 7 
 fake.rf 1440.00000000 51564.51440104899975125 0.10000 7 
 fake.rf 1440.00000000 51578.50214745401035188 0.10000 7 
 fake.rf 1440.00000000 51592.31722234388026394 0.10000 7 
 fake.rf 1440.00000000 51606.57625124427595154 0.10000 7 
 fake.rf 1440.00000000 51620.59916769451287522 0.10000 7 
 fake.rf 1440.00000000 51634.27021579790483585 0.10000 7 
 fake.rf 1440.00000000 51648.34963639504616140 0.10000 7 
 fake.rf 1440.00000000 51662.62502715267596543 0.10000 7 
 fake.rf 1440.00000000 51676.49113327299253484 0.10000 7 
 fake.rf 1440.00000000 51690.16550992122826003 0.10000 7 
 fake.rf 1440.00000000 51704.56320263470796306 0.10000 7 
 fake.rf 1440.00000000 51718.52460486747066071 0.10000 7 
 fake.rf 1440.00000000 51732.55281214817413016 0.10000 7 
 fake.rf 1440.00000000 51746.52343854270397827 0.10000 7 
 fake.rf 1440.00000000 51760.36232865545940030 0.10000 7 
 fake.rf 1440.00000000 51774.17536758507716499 0.10000 7 
 fake.rf 1440.00000000 51788.12170945091353147 0.10000 7 
 fake.rf 1440.00000000 51802.10366500310054505 0.10000 7 
 fake.rf 1440.00000000 51816.11948982413525755 0.10000 7 
 fake.rf 1440.00000000 51829.73404296646783962 0.10000 7 
 fake.rf 1440.00000000 51844.21962857172498573 0.10000 7 
 fake.rf 1440.00000000 51857.85833357616067474 0.10000 7 
 fake.rf 1440.00000000 51871.85195239190811733 0.10000 7 
 fake.rf 1440.00000000 51885.95207183498798997 0.10000 7 
 fake.rf 1440.00000000 51899.63914181800655712 0.10000 7 
 fake.rf 1440.00000000 51913.44655069885884302 0.10000 7 
 fake.rf 1440.00000000 51927.79725460571577855 0.10000 7 
 fake.rf 1440.00000000 51941.90849561532295198 0.10000 7 
 fake.rf 1440.00000000 51955.67419976400902115 0.10000 7 
 fake.rf 1440.00000000 51969.85655166924449588 0.10000 7 
 fake.rf 1440.00000000 51983.49072118502508744 0.10000 7 
 fake.rf 1440.00000000 51997.70158422586214897 0.10000 7 
 fake.rf 1440.00000000 52011.24324198139484565 0.10000 7 
 fake.rf 1440.00000000 52025.39737906756628050 0.10000 7 
 fake.rf 1440.00000000 52039.23883032248402714 0.10000 7 
 fake.rf 1440.00000000 52053.50829738063967156 0.10000 7 
 fake.rf 1440.00000000 52067.37170855455052632 0.10000 7 
 fake.rf 1440.00000000 52081.33080655926922020 0.10000 7 
 fake.rf 1440.00000000 52095.24722371492713435 0.10000 7 
 fake.rf 1440.00000000 52109.01496711882876056 0.10000 7 
 fake.rf 1440.00000000 52123.35333447915007454 0.10000 7 
 fake.rf 1440.00000000 52137.03900374439439247 0.10000 7 
 fake.rf 1440.00000000 52150.80637543217430618 0.10000 7 
 fake.rf 1440.00000000 52165.21117615976517001 0.10000 7 
 fake.rf 1440.00000000 52178.90569791365734531 0.10000 7 
 fake.rf 1440.00000000 52193.21685242968883855 0.10000 7 
 fake.rf 1440.00000000 52206.80625154710725511 0.10000 7 
 fake.rf 1440.00000000 52221.15200780273517012 0.10000 7 
 fake.rf 1440.00000000 52234.81667727501715248 0.10000 7 
 fake.rf 1440.00000000 52249.12679400171322541 0.10000 7 
 fake.rf 1440.00000000 52263.12532948384071574 0.10000 7 
 fake.rf 1440.00000000 52276.64714388749639440 0.10000 7 
 fake.rf 1440.00000000 52290.63419163592384820 0.10000 7 
 fake.rf 1440.00000000 52304.66457205278424425 0.10000 7 
 fake.rf 1440.00000000 52318.32473200262440471 0.10000 7 
 fake.rf 1440.00000000 52332.70374247184027183 0.10000 7 
 fake.rf 1440.00000000 52346.57975779582496045 0.10000 7 
 fake.rf 1440.00000000 52360.62884769914028382 0.10000 7 
 fake.rf 1440.00000000 52374.49065856345292147 0.10000 7 
 fake.rf 1440.00000000 52388.17060413931047336 0.10000 7 
 fake.rf 1440.00000000 52402.44027209371406428 0.10000 7 
 fake.rf 1440.00000000 52416.64114524023890596 0.10000 7 
 fake.rf 1440.00000000 52430.57017976363479050 0.10000 7 
 fake.rf 1440.00000000 52444.41973164943791375 0.10000 7 
 fake.rf 1440.00000000 52458.14630118236149769 0.10000 7 
 fake.rf 1440.00000000 52471.95501316666847558 0.10000 7 
 fake.rf 1440.00000000 52486.11225809910987650 0.10000 7 
 fake.rf 1440.00000000 52500.40713149997772646 0.10000 7 
 fake.rf 1440.00000000 52514.21316755219060113 0.10000 7 
 fake.rf 1440.00000000 52528.32505568734547197 0.10000 7 
 fake.rf 1440.00000000 52541.75923198527380720 0.10000 7 
 fake.rf 1440.00000000 52555.94186140850795752 0.10000 7 
 fake.rf 1440.00000000 52569.77764492440757849 0.10000 7 
 fake.rf 1440.00000000 52583.68408557357142286 0.10000 7 
 fake.rf 1440.00000000 52597.64307512872317574 0.10000 7 
 fake.rf 1440.00000000 52611.87827321265307390 0.10000 7 
 fake.rf 1440.00000000 52625.46742773485653544 0.10000 7 
 fake.rf 1440.00000000 52639.72070912507769336 0.10000 7 
 fake.rf 1440.00000000 52653.67322285222056522 0.10000 7 
 fake.rf 1440.00000000 52667.63193954592204804 0.10000 7 
 fake.rf 1440.00000000 52681.56689714271438518 0.10000 7 
 fake.rf 1440.00000000 52695.55617245518866909 0.10000 7 
 fake.rf 1440.00000000 52709.74159628149442369 0.10000 7 
 fake.rf 1440.00000000 52723.70182767827843051 0.10000 7 
 fake.rf 1440.00000000 52737.75970942811923692 0.10000 7 
 fake.rf 1440.00000000 52751.64351920503887072 0.10000 7 
 fake.rf 1440.00000000 52765.35432054723715467 0.10000 7 
 fake.rf 1440.00000000 52779.32644365361976924 0.10000 7 
 fake.rf 1440.00000000 52793.29756953943721598 0.10000 7 
 fake.rf 1440.00000000 52807.57507435256084349 0.10000 7 
 fake.rf 1440.00000000 52821.26536910914713374 0.10000 7 
 fake.rf 1440.00000000 52835.54438903712501840 0.10000 7 
 fake.rf 1440.00000000 52849.39432640352762860 0.10000 7 
 fake.rf 1440.00000000 52863.05188170719248575 0.10000 7 
 fake.rf 1440.00000000 52877.21867960013882737 0.10000 7 
 fake.rf 1440.00000000 52890.83341259553398217 0.10000 7 
 fake.rf 1440.00000000 52905.00457262311125817 0.10000 7 
 fake.rf 1440.00000000 52918.70017476175247495 0.10000 7 
 fake.rf 1440.00000000 52932.64800730714746280 0.10000 7 
 fake.rf 1440.00000000 52946.66342939191228822 0.10000 7 
 fake.rf 1440.00000000 52961.17581247357279395 0.10000 7 
 fake.rf 1440.00000000 52974.59604731447944914 0.10000 7 
 fake.rf 1440.00000000 52988.83232487921276643 0.10000 7 
 fake.rf 1440.00000000 53002.55205100161833087 0.10000 7 
