FORMAT 1
 fake.rf 1440.00000000 50000.01403484765447871 0.10000 7 
 fake.rf 1440.00000000 50014.24752803232785681 0.10000 7 
 fake.rf 1440.00000000 50028.24067824785417713 0.10000 7 
 fake.rf 1440.00000000 50041.89962703600139093 0.10000 7 
 fake.rf 1440.00000000 50055.75796105310409345 0.10000 7 
 fake.rf 1440.00000000 50069.74185105666157014 0.10000 7 
 fake.rf 1440.00000000 50084.06440929935765993 0.10000 7 
 fake.rf 1440.00000000 50097.89592688051397573 0.10000 7 
 fake.rf 1440.00000000 50111.90731831580055200 0.10000 7 
 fake.rf 1440.00000000 50125.78685970086566570 0.10000 7 
 fake.rf 1440.00000000 50139.61683474011359962 0.10000 7 
 fake.rf 1440.00000000 50153.72433400745783416 0.10000 7 
 fake.rf 1440.00000000 50167.52591137702030011 0.10000 7 
 fake.rf 1440.00000000 50181.77158042751258904 0.10000 7 
 fake.rf 1440.00000000 50195.88942882890899710 0.10000 7 
 fake.rf 1440.00000000 50209.70035817013734558 0.10000 7 
 fake.rf 1440.00000000 50223.59509143470411274 0.10000 7 
 fake.rf 1440.00000000 50237.44146058726512294 0.10000 7 
 fake.rf 1440.00000000 50251.56963599449301583 0.10000 7 
 fake.rf 1440.00000000 50265.35253269316285341 0.10000 7 
 fake.rf 1440.00000000 50279.56134989890590603 0.10000 7 
 fake.rf 1440.00000000 50293.22788252189556601 0.10000 7 
 fake.rf 1440.00000000 50307.33040501805943379 0.10000 7 
 fake.rf 1440.00000000 50321.08194165280909260 0.10000 7 
 fake.rf 1440.00000000 50335.14896919604958470 0.10000 7 
 fake.rf 1440.00000000 50349.23755020605137034 0.10000 7 
 fake.rf 1440.00000000 50363.04273496404040955 0.10000 7 
 fake.rf 1440.00000000 50376.99370507071044401 0.10000 7 
 fake.rf 1440.00000000 50391.20741364506187310 0.10000 7 
 fake.rf 1440.00000000 50405.28710208317681918 0.10000 7 
 fake.rf 1440.00000000 50418.99602427147743811 0.10000 7 
 fake.rf 1440.00000000 50433.27952710262615454 0.10000 7 
 fake.rf 1440.00000000 50446.96426818658304470 0.10000 7 
 fake.rf 1440.00000000 50460.70456664264965951 0.10000 7 
 fake.rf 1440.00000000 50474.68524428088305811 0.10000 7 
 fake.rf 1440.00000000 50488.93321210962224299 0.10000 7 
 fake.rf 1440.00000000 50502.69562668687092710 0.10000 7 
 fake.rf 1440.00000000 50517.03708860743427422 0.10000 7 
 fake.rf 1440.00000000 50530.48813339438387260 0.10000 7 
 fake.rf 1440.00000000 50544.96683205731443778 0.10000 7 
 fake.rf 1440.00000000 50558.55939491734831392 0.10000 7 
 fake.rf 1440.00000000 50572.54530744419001564 0.10000 7 
 fake.rf 1440.00000000 50586.50306478850816916 0.10000 7 
 fake.rf 1440.00000000 50600.60209762943822298 0.10000 7 
 fake.rf 1440.00000000 50614.20523869600634370 0.10000 7 
 fake.rf 1440.00000000 50628.31907048024127249 0.10000 7 
 fake.rf 1440.00000000 50642.26725879077024572 0.10000 7 
 fake.rf 1440.00000000 50656.47002584527975699 0.10000 7 
 fake.rf 1440.00000000 50670.46845278022305692 0.10000 7 
 fake.rf 1440.00000000 50684.58304249258954854 0.10000 7 
 fake.rf 1440.00000000 50697.94026579768601692 0.10000 7 
 fake.rf 1440.00000000 50712.18573604860713644 0.10000 7 
 fake.rf 1440.00000000 50726.00508439838849384 0.10000 7 
 fake.rf 1440.00000000 50740.16972280743014068 0.10000 7 
 fake.rf 1440.00000000 50754.20495579578093981 0.10000 7 
 fake.rf 1440.00000000 50768.12955785424816568 0.10000 7 
 fake.rf 1440.00000000 50781.75433661627205595 0.10000 7 
 fake.rf 1440.00000000 50796.29964724272117138 0.10000 7 
 fake.rf 1440.00000000 50810.21344534416290628 0.10000 7 
 fake.rf 1440.00000000 50824.09015870712541840 0.10000 7 
 fake.rf 1440.00000000 50838.08671712031961221 0.10000 7 
 fake.rf 1440.00000000 50851.74766355171990284 0.10000 7 
 fake.rf 1440.00000000 50865.94610583592099573 0.10000 7 
 fake.rf 1440.00000000 50879.66563141723415242 0.10000 7 
 fake.rf 1440.00000000 50893.77176899639153262 0.10000 7 
 fake.rf 1440.00000000 50907.98911499199427766 0.10000 7 
 fake.rf 1440.00000000 50921.32816774219622147 0.10000 7 
 fake.rf 1440.00000000 50935.90161265610069208 0.10000 7 
 fake.rf 1440.00000000 50949.83198003914557006 0.10000 7 
 fake.rf 1440.00000000 50963.32697031985684433 0.10000 7 
 fake.rf 1440.00000000 50977.75067328368711728 0.10000 7 
 fake.rf 1440.00000000 50991.31182952260101260 0.10000 7 
 fake.rf 1440.00000000 51005.49762509255708665 0.10000 7 
 fake.rf 1440.00000000 51019.25064481666614213 0.10000 7 
 fake.rf 1440.00000000 51033.61572664620780415 0.10000 7 
 fake.rf 1440.00000000 51047.44288933192656188 0.10000 7 
 fake.rf 1440.00000000 51061.34796688912203777 0.10000 7 
 fake.rf 1440.00000000 51075.03279644170836349 0.10000 7 
 fake.rf 1440.00000000 51089.10095224623693611 0.10000 7 
 fake.rf 1440.00000000 51103.04268287752606170 0.10000 7 
 fake.rf 1440.00000000 51116.88032809928773048 0.10000 7 
 fake.rf 1440.00000000 51131.01059992721799574 0.10000 7 
 fake.rf 1440.00000000 51145.23602688079312273 0.10000 7 
 fake.rf 1440.00000000 51158.93124665049655064 0.10000 7 
 fake.rf 1440.00000000 51173.26438292419885911 0.10000 7 
 fake.rf 1440.00000000 51186.89660232317946864 0.10000 7 
 fake.rf 1440.00000000 51200.55465008146306616 0.10000 7 
 fake.rf 1440.00000000 51214.55079126090364028 0.10000 7 
 fake.rf 1440.00000000 51228.76654722403552356 0.10000 7 
 fake.rf 1440.00000000 51243.04328587429447950 0.10000 7 
 fake.rf 1440.00000000 51256.95436656154866029 0.10000 7 
 fake.rf 1440.00000000 51270.53824034658531872 0.10000 7 
 fake.rf 1440.00000000 51284.51415141779830265 0.10000 7 
 fake.rf 1440.00000000 51298.66190038433820675 0.10000 7 
 fake.rf 1440.00000000 51312.67019253007618218 0.10000 7 
 fake.rf 1440.00000000 51326.79046732457737434 0.10000 7 
 fake.rf 1440.00000000 51340.52712173998108725 0.10000 7 
 fake.rf 1440.00000000 51354.57935924756668200 0.10000 7 
 fake.rf 1440.00000000 51368.64463837503295807 0.10000 7 
 fake.rf 1440.00000000 51382.34988621812093257 0.10000 7 
 fake.rf 1440.00000000 51396.60200680039827148 0.10000 7 
 fake.rf 1440.00000000 51410.46254834659534438 0.10000 7 
 fake.rf 1440.00000000 51424.43384505441960641 0.10000 7 
 fake.rf 1440.00000000 51438.24332060715458681 0.10000 7 
 fake.rf 1440.00000000 51451.89510789568148397 0.10000 7 
 fake.rf 1440.00000000 51466.26971250045606254 0.10000 7 
 fake.rf 1440.00000000 51479.94457687528370116 0.10000 7 
 fake.rf 1440.00000000 51494.20633452661687457 0.10000 7 
 fake.rf 1440.00000000 51508.30399471486556351 0.10000 7 
 fake.rf 1440.00000000 51522.08524094934136173 0.10000 7 
 fake.rf 1440.00000000 51535.66028855012481813 0.10000 7 
 fake.rf 1440.00000000 51549.63382009246786097 0.10000 7 
 fake.rf 1440.00000000 51563.58356424178052535 0.10000 7 
 fake.rf 1440.00000000 51578.08893151458300252 0.10000 7 
 fake.rf 1440.00000000 51591.79590881194282659 0.10000 7 
 fake.rf 1440.00000000 51605.45034874838342276 0.10000 7 
 fake.rf 1440.00000000 51619.62616142174294609 0.10000 7 
 fake.rf 1440.00000000 51633.69607920293530157 0.10000 7 
 fake.rf 1440.00000000 51647.38488636597770665 0.10000 7 
 fake.rf 1440.00000000 51661.81468113992201907 0.10000 7 
 fake.rf 1440.00000000 51675.53289694022180001 0.10000 7 
 fake.rf 1440.00000000 51689.83767748375789353 0.10000 7 
 fake.rf 1440.00000000 51703.22290546042693649 0.10000 7 
 fake.rf 1440.00000000 51717.62192514701681390 0.10000 7 
 fake.rf 1440.00000000 51731.44601401767996762 0.10000 7 
 fake.rf 1440.00000000 51745.54442683890336241 0.10000 7 
 fake.rf 1440.00000000 51759.43528065213535427 0.10000 7 
 fake.rf 1440.00000000 51773.03425010215120139 0.10000 7 
 fake.rf 1440.00000000 51787.22312649954088926 0.10000 7 
 fake.rf 1440.00000000 51801.21748557492626119 0.10000 7 
 fake.rf 1440.00000000 51815.22659552513787418 0.10000 7 
 fake.rf 1440.00000000 51829.03915185352080641 0.10000 7 
 fake.rf 1440.00000000 51842.93227854612369399 0.10000 7 
 fake.rf 1440.00000000 51856.95091124571885643 0.10000 7 
 fake.rf 1440.00000000 51871.27783599530615533 0.10000 7 
 fake.rf 1440.00000000 51884.86097605674669708 0.10000 7 
 fake.rf 1440.00000000 51899.29243936377017477 0.10000 7 
 fake.rf 1440.00000000 51912.66578793259186497 0.10000 7 
 fake.rf 1440.00000000 51927.21557827306131472 0.10000 7 
 fake.rf 1440.00000000 51941.11626121734954253 0.10000 7 
 fake.rf 1440.00000000 51954.97574868518733737 0.10000 7 
 fake.rf 1440.00000000 51968.47214604833193974 0.10000 7 
 fake.rf 1440.00000000 51983.05125327478974384 0.10000 7 
 fake.rf 1440.00000000 51996.89871107018210594 0.10000 7 
 fake.rf 1440.00000000 52010.93870175924930876 0.10000 7 
 fake.rf 1440.00000000 52024.59634568898761842 0.10000 7 
 fake.rf 1440.00000000 52038.80313603824248503 0.10000 7 
 fake.rf 1440.00000000 52052.39049878897747092 0.10000 7 
 fake.rf 1440.00000000 52066.82295334265157649 0.10000 7 
 fake.rf 1440.00000000 52080.75677688150166844 0.10000 7 
 fake.rf 1440.00000000 52094.14549376159586203 0.10000 7 
 fake.rf 1440.00000000 52108.33439020309620915 0.10000 7 
 fake.rf 1440.00000000 52122.61122032529429049 0.10000 7 
 fake.rf 1440.00000000 52136.09005800436892386 0.10000 7 
 fake.rf 1440.00000000 52150.04953349526180872 0.10000 7 
 fake.rf 1440.00000000 52164.18867858409946692 0.10000 7 
 fake.rf 1440.00000000 52178.47082171634647807 0.10000 7 
 fake.rf 1440.00000000 52192.35937715510603851 0.10000 7 
 fake.rf 1440.00000000 52206.13571780849045467 0.10000 7 
 fake.rf 1440.00000000 52219.97829667491817318 0.10000 7 
 fake.rf 1440.00000000 52233.89943719580609738 0.10000 7 
 fake.rf 1440.00000000 52247.72311385953619833 0.10000 7 
 fake.rf 1440.00000000 52262.08314189736202948 0.10000 7 
 fake.rf 1440.00000000 52275.93563519238820092 0.10000 7 
 fake.rf 1440.00000000 52289.81617059892094090 0.10000 7 
 fake.rf 1440.00000000 52303.87468280671576792 0.10000 7 
 fake.rf 1440.00000000 52318.01520877532916032 0.10000 7 
 fake.rf 1440.00000000 52331.69876699526210118 0.10000 7 
 fake.rf 1440.00000000 52345.83552035320629514 0.10000 7 
 fake.rf 1440.00000000 52359.89739621180254403 0.10000 7 
 fake.rf 1440.00000000 52373.51986338345166416 0.10000 7 
 fake.rf 1440.00000000 52387.55433040903920272 0.10000 7 
 fake.rf 1440.00000000 52401.81749626257347430 0.10000 7 
 fake.rf 1440.00000000 52415.39063011013040949 0.10000 7 
 fake.rf 1440.00000000 52429.31078088688759209 0.10000 7 
 fake.rf 1440.00000000 52443.65216349136149532 0.10000 7 
 fake.rf 1440.00000000 52457.58783398342726656 0.10000 7 
 fake.rf 1440.00000000 52471.08633454476443347 0.10000 7 
 fake.rf 1440.00000000 52485.05330605734403449 0.10000 7 
 fake.rf 1440.00000000 52499.45965714346145248 0.10000 7 
 fake.rf 1440.00000000 52513.59687400274574998 0.10000 7 
 fake.rf 1440.00000000 52526.99078843473337130 0.10000 7 
 fake.rf 1440.00000000 52540.95759532613432086 0.10000 7 
 fake.rf 1440.00000000 52555.40986840355976639 0.10000 7 
 fake.rf 1440.00000000 52568.98751318484833206 0.10000 7 
 fake.rf 1440.00000000 52582.95202172514694183 0.10000 7 
 fake.rf 1440.00000000 52596.91499931703959803 0.10000 7 
 fake.rf 1440.00000000 52610.81301325885878839 0.10000 7 
 fake.rf 1440.00000000 52624.70430320841138183 0.10000 7 
 fake.rf 1440.00000000 52639.14851414337514868 0.10000 7 
 fake.rf 1440.00000000 52652.92733317616859878 0.10000 7 
 fake.rf 1440.00000000 52666.77798970352911923 0.10000 7 
 fake.rf 1440.00000000 52681.08410336903491711 0.10000 7 
 fake.rf 1440.00000000 52694.59450982774451333 0.10000 7 
 fake.rf 1440.00000000 52709.00255237157686494 0.10000 7 
 fake.rf 1440.00000000 52722.56076079678070556 0.10000 7 
 fake.rf 1440.00000000 52736.83457215723637646 0.10000 7 
 fake.rf 1440.00000000 52750.75470008481005024 0.10000 7 
 fake.rf 1440.00000000 52764.70135953649676708 0.10000 7 
 fake.rf 1440.00000000 52778.48348367226073208 0.10000 7 
 fake.rf 1440.00000000 52792.50371345579846860 0.10000 7 
 fake.rf 1440.00000000 52806.77773282619913076 0.10000 7 
 fake.rf 1440.00000000 52820.63255006865339780 0.10000 7 
 fake.rf 1440.00000000 52834.28750511100919951 0.10000 7 
 fake.rf 1440.00000000 52848.17288429320313270 0.10000 7 
 fake.rf 1440.00000000 52862.65274512190837086 0.10000 7 
 fake.rf 1440.00000000 52876.02064224189539843 0.10000 7 
 fake.rf 1440.00000000 52890.54658471917561258 0.10000 7 
 fake.rf 1440.00000000 52903.89650549488376541 0.10000 7 
 fake.rf 1440.00000000 52917.93626678411492392 0.10000 7 
 fake.rf 1440.00000000 52932.24011969503133201 0.10000 7 
 fake.rf 1440.00000000 52945.76548333337769137 0.10000 7 
 fake.rf 1440.00000000 52959.90405186047406616 0.10000 7 
 fake.rf 1440.00000000 52974.21293779335697494 0.10000 7 
 fake.rf 1440.00000000 52988.22880057532625386 0.10000 7 
 fake.rf 1440.00000000 53001.98323995206174430 0.10000 7 
