FORMAT 1
 fake.rf 1440.00000000 49999.93020861992345516 0.10000 7 
 fake.rf 1440.00000000 50013.94727504503400439 0.10000 7 
 fake.rf 1440.00000000 50028.30462111135587122 0.10000 7 
 fake.rf 1440.00000000 50041.87909095183551855 0.10000 7 
 fake.rf 1440.00000000 50056.37859439878847923 0.10000 7 
 fake.rf 1440.00000000 50069.88631884722291332 0.10000 7 
 fake.rf 1440.00000000 50084.01633800858455103 0.10000 7 
 fake.rf 1440.00000000 50098.19351449752198135 0.10000 7 
 fake.rf 1440.00000000 50111.91653809016167642 0.10000 7 
 fake.rf 1440.00000000 50125.82615918815687905 0.10000 7 
 fake.rf 1440.00000000 50139.59977023007428443 0.10000 7 
 fake.rf 1440.00000000 50153.63483120717415531 0.10000 7 
 fake.rf 1440.00000000 50167.50280636774622778 0.10000 7 
 fake.rf 1440.00000000 50181.92796949207046708 0.10000 7 
 fake.rf 1440.00000000 50195.78338073943600151 0.10000 7 
 fake.rf 1440.00000000 50209.70981181202714083 0.10000 7 
 fake.rf 1440.00000000 50223.78055361919983568 0.10000 7 
 fake.rf 1440.00000000 50237.52900817295068592 0.10000 7 
 fake.rf 1440.00000000 50251.81528707866845807 0.10000 7 
 fake.rf 1440.00000000 50265.80963414536515543 0.10000 7 
 fake.rf 1440.00000000 50279.40950891366088982 0.10000 7 
 fake.rf 1440.00000000 50293.10191097166267582 0.10000 7 
 fake.rf 1440.00000000 50307.66042656910433450 0.10000 7 
 fake.rf 1440.00000000 50321.31511480859317942 0.10000 7 
 fake.rf 1440.00000000 50335.08550422119947143 0.10000 7 
 fake.rf 1440.00000000 50349.31943219819935820 0.10000 7 
 fake.rf 1440.00000000 50363.20437682447823491 0.10000 7 
 fake.rf 1440.00000000 50377.15156082842502627 0.10000 7 
 fake.rf 1440.00000000 50391.06593413435256323 0.10000 7 
 fake.rf 1440.00000000 50405.00496758361301275 0.10000 7 
 fake.rf 1440.00000000 50418.74481701831830449 0.10000 7 
 fake.rf 1440.00000000 50433.00903686183203689 0.10000 7 
 fake.rf 1440.00000000 50447.00336278679252189 0.10000 7 
 fake.rf 1440.00000000 50461.13878439226935413 0.10000 7 
 fake.rf 1440.00000000 50475.01570015521869905 0.10000 7 
 fake.rf 1440.00000000 50488.88108891261867939 0.10000 7 
 fake.rf 1440.00000000 50502.56246099684059203 0.10000 7 
 fake.rf 1440.00000000 50516.60762199274530815 0.10000 7 
 fake.rf 1440.00000000 50530.68841330868644945 0.10000 7 
 fake.rf 1440.00000000 50544.79770171902807974 0.10000 7 
 fake.rf 1440.00000000 50558.79070990183859280 0.10000 7 
 fake.rf 1440.00000000 50572.68333834028753770 0.10000 7 
 fake.rf 1440.00000000 50586.86591375864436060 0.10000 7 
 fake.rf 1440.00000000 50600.76512320956674529 0.10000 7 
 fake.rf 1440.00000000 50614.45447415261368818 0.10000 7 
 fake.rf 1440.00000000 50628.53068688689448251 0.10000 7 
 fake.rf 1440.00000000 50642.39455343942139720 0.10000 7 
 fake.rf 1440.00000000 50656.19287228921318444 0.10000 7 
 fake.rf 1440.00000000 50670.05576568065905008 0.10000 7 
 fake.rf 1440.00000000 50684.24413716331412161 0.10000 7 
 fake.rf 1440.00000000 50698.07502917055033720 0.10000 7 
 fake.rf 1440.00000000 50712.24269004692596141 0.10000 7 
 fake.rf 1440.00000000 50726.16168962064526937 0.10000 7 
 fake.rf 1440.00000000 50739.92265664904220657 0.10000 7 
 fake.rf 1440.00000000 50754.44989851577521023 0.10000 7 
 fake.rf 1440.00000000 50768.17751360024862706 0.10000 7 
 fake.rf 1440.00000000 50782.21063465934827263 0.10000 7 
 fake.rf 1440.00000000 50795.99438053081275513 0.10000 7 
 fake.rf 1440.00000000 50809.70740565866803706 0.10000 7 
 fake.rf 1440.00000000 50823.69312608158682565 0.10000 7 
 fake.rf 1440.00000000 50838.12079814435234226 0.10000 7 
 fake.rf 1440.00000000 50851.61189876892973416 0.10000 7 
 fake.rf 1440.00000000 50865.90006511923100163 0.10000 7 
 fake.rf 1440.00000000 50879.69362250754241472 0.10000 7 
 fake.rf 1440.00000000 50894.02503747687974922 0.10000 7 
 fake.rf 1440.00000000 50907.56167896873396472 0.10000 7 
 fake.rf 1440.00000000 50921.92551789524768324 0.10000 7 
 fake.rf 1440.00000000 50935.97653096425127828 0.10000 7 
 fake.rf 1440.00000000 50949.59655955274563155 0.10000 7 
 fake.rf 1440.00000000 50963.41274919147308609 0.10000 7 
 fake.rf 1440.00000000 50977.61127672753031703 0.10000 7 
 fake.rf 1440.00000000 50991.26253956073233908 0.10000 7 
 fake.rf 1440.00000000 51005.67625031650164757 0.10000 7 
 fake.rf 1440.00000000 51019.42891272061822505 0.10000 7 
 fake.rf 1440.00000000 51033.68427772664828623 0.10000 7 
 fake.rf 1440.00000000 51047.15889885038341234 0.10000 7 
 fake.rf 1440.00000000 51061.02600007812569061 0.10000 7 
 fake.rf 1440.00000000 51075.18345771804920830 0.10000 7 
 fake.rf 1440.00000000 51089.16129040638603698 0.10000 7 
 fake.rf 1440.00000000 51102.92951104798301998 0.10000 7 
 fake.rf 1440.00000000 51117.31356623530302485 0.10000 7 
 fake.rf 1440.00000000 51131.16051698684657367 0.10000 7 
 fake.rf 1440.00000000 51145.13462456172531390 0.10000 7 
 fake.rf 1440.00000000 51158.80923877696451640 0.10000 7 
 fake.rf 1440.00000000 51173.12204929792379104 0.10000 7 
 fake.rf 1440.00000000 51186.99495813014812384 0.10000 7 
 fake.rf 1440.00000000 51201.10208013120020709 0.10000 7 
 fake.rf 1440.00000000 51214.81957110089034657 0.10000 7 
 fake.rf 1440.00000000 51228.51445186670643750 0.10000 7 
 fake.rf 1440.00000000 51243.03949177411441696 0.10000 7 
 fake.rf 1440.00000000 51256.78092923008489379 0.10000 7 
 fake.rf 1440.00000000 51270.94170812034865747 0.10000 7 
 fake.rf 1440.00000000 51284.99607472653764617 0.10000 7 
 fake.rf 1440.00000000 51298.39723790144507021 0.10000 7 
 fake.rf 1440.00000000 51312.38980029478242173 0.10000 7 
 fake.rf 1440.00000000 51326.81380788292988981 0.10000 7 
 fake.rf 1440.00000000 51340.45650532243431385 0.10000 7 
 fake.rf 1440.00000000 51354.18446599172505174 0.10000 7 
 fake.rf 1440.00000000 51368.69771274820656259 0.10000 7 
 fake.rf 1440.00000000 51382.66533147216856392 0.10000 7 
 fake.rf 1440.00000000 51396.24770787020536744 0.10000 7 
 fake.rf 1440.00000000 51410.33104154302733590 0.10000 7 
 fake.rf 1440.00000000 51423.98814920505436277 0.10000 7 
 fake.rf 1440.00000000 51438.02246244018065724 0.10000 7 
 fake.rf 1440.00000000 51452.56335123998612602 0.10000 7 
 fake.rf 1440.00000000 51466.51405000405555512 0.10000 7 
 fake.rf 1440.00000000 51480.06121041864698995 0.10000 7 
 fake.rf 1440.00000000 51493.84075977924282341 0.10000 7 
 fake.rf 1440.00000000 51507.98714224913560855 0.10000 7 
 fake.rf 1440.00000000 51522.21702811735831773 0.10000 7 
 fake.rf 1440.00000000 51535.80302420393000062 0.10000 7 
 fake.rf 1440.00000000 51549.70502124239914465 0.10000 7 
 fake.rf 1440.00000000 51563.82008392018132525 0.10000 7 
 fake.rf 1440.00000000 51578.08508036438997379 0.10000 7 
 fake.rf 1440.00000000 51591.69991766545737377 0.10000 7 
 fake.rf 1440.00000000 51605.49935026182786046 0.10000 7 
 fake.rf 1440.00000000 51619.67548155542552379 0.10000 7 
 fake.rf 1440.00000000 51633.43566694588783506 0.10000 7 
 fake.rf 1440.00000000 51647.65748325188343060 0.10000 7 
 fake.rf 1440.00000000 51661.56672139519319842 0.10000 7 
 fake.rf 1440.00000000 51675.89017275360400561 0.10000 7 
 fake.rf 1440.00000000 51689.89165255030693302 0.10000 7 
 fake.rf 1440.00000000 51703.33322903173077023 0.10000 7 
 fake.rf 1440.00000000 51717.74927302841734544 0.10000 7 
 fake.rf 1440.00000000 51731.19014208767544716 0.10000 7 
 fake.rf 1440.00000000 51745.32917369251115858 0.10000 7 
 fake.rf 1440.00000000 51759.54078468052477646 0.10000 7 
 fake.rf 1440.00000000 51773.32924391254012519 0.10000 7 
 fake.rf 1440.00000000 51787.23446222783664439 0.10000 7 
 fake.rf 1440.00000000 51801.33087934740083824 0.10000 7 
 fake.rf 1440.00000000 51815.12518343719563418 0.10000 7 
 fake.rf 1440.00000000 51829.31767088965244383 0.10000 7 
 fake.rf 1440.00000000 51842.86898106086295002 0.10000 7 
 fake.rf 1440.00000000 51857.02528557052654534 0.10000 7 
 fake.rf 1440.00000000 51871.29031229941443826 0.10000 7 
 fake.rf 1440.00000000 51884.75407064135486834 0.10000 7 
 fake.rf 1440.00000000 51898.89929997738332546 0.10000 7 
 fake.rf 1440.00000000 51912.74971319104665923 0.10000 7 
 fake.rf 1440.00000000 51926.69791370764085414 0.10000 7 
 fake.rf 1440.00000000 51941.02775154354463183 0.10000 7 
 fake.rf 1440.00000000 51955.14627666233657521 0.10000 7 
 fake.rf 1440.00000000 51968.71869934001037805 0.10000 7 
 fake.rf 1440.00000000 51982.98876026405520889 0.10000 7 
 fake.rf 1440.00000000 51996.59390749585848823 0.10000 7 
 fake.rf 1440.00000000 52010.46955263396291613 0.10000 7 
 fake.rf 1440.00000000 52024.39267696071973290 0.10000 7 
 fake.rf 1440.00000000 52038.50214950742960340 0.10000 7 
 fake.rf 1440.00000000 52052.59215204313659697 0.10000 7 
 fake.rf 1440.00000000 52066.31368783460622396 0.10000 7 
 fake.rf 1440.00000000 52080.68320270416827356 0.10000 7 
 fake.rf 1440.00000000 52094.72066947537015835 0.10000 7 
 fake.rf 1440.00000000 52108.13721602991583381 0.10000 7 
 fake.rf 1440.00000000 52122.54643676699762977 0.10000 7 
 fake.rf 1440.00000000 52136.06370606532929557 0.10000 7 
 fake.rf 1440.00000000 52150.60118935583815158 0.10000 7 
 fake.rf 1440.00000000 52164.48950523260715428 0.10000 7 
 fake.rf 1440.00000000 52178.18403213428654297 0.10000 7 
 fake.rf 1440.00000000 52192.30468585220144107 0.10000 7 
 fake.rf 1440.00000000 52206.01968707143669945 0.10000 7 
 fake.rf 1440.00000000 52220.32432503302766946 0.10000 7 
 fake.rf 1440.00000000 52233.91295523422678571 0.10000 7 
 fake.rf 1440.00000000 52248.12715327107866159 0.10000 7 
 fake.rf 1440.00000000 52261.99583806459176927 0.10000 7 
 fake.rf 1440.00000000 52275.84067120603223700 0.10000 7 
 fake.rf 1440.00000000 52290.24939978213178193 0.10000 7 
 fake.rf 1440.00000000 52303.75467075378485049 0.10000 7 
 fake.rf 1440.00000000 52317.76815494496195313 0.10000 7 
 fake.rf 1440.00000000 52331.69367225092353380 0.10000 7 
 fake.rf 1440.00000000 52345.75424918962390564 0.10000 7 
 fake.rf 1440.00000000 52359.75415991784709391 0.10000 7 
 fake.rf 1440.00000000 52373.38107444547296865 0.10000 7 
 fake.rf 1440.00000000 52387.59840258553015246 0.10000 7 
 fake.rf 1440.00000000 52401.87562872456804186 0.10000 7 
 fake.rf 1440.00000000 52415.81083030870163597 0.10000 7 
 fake.rf 1440.00000000 52429.67153170514409410 0.10000 7 
 fake.rf 1440.00000000 52443.19596240259400233 0.10000 7 
 fake.rf 1440.00000000 52457.75918100749033712 0.10000 7 
 fake.rf 1440.00000000 52471.76758105482147343 0.10000 7 
 fake.rf 1440.00000000 52485.42024032773878872 0.10000 7 
 fake.rf 1440.00000000 52499.07655416166665674 0.10000 7 
 fake.rf 1440.00000000 52513.49269511841493596 0.10000 7 
 fake.rf 1440.00000000 52527.22104720325528504 0.10000 7 
 fake.rf 1440.00000000 52540.99880032885580761 0.10000 7 
 fake.rf 1440.00000000 52555.19572141618183636 0.10000 7 
 fake.rf 1440.00000000 52569.14623555199952065 0.10000 7 
 fake.rf 1440.00000000 52582.83303136518381748 0.10000 7 
 fake.rf 1440.00000000 52596.95649441757996456 0.10000 7 
 fake.rf 1440.00000000 52611.30642819021739598 0.10000 7 
 fake.rf 1440.00000000 52625.15210373220071460 0.10000 7 
 fake.rf 1440.00000000 52639.02879411974626933 0.10000 7 
 fake.rf 1440.00000000 52653.05492522591909577 0.10000 7 
 fake.rf 1440.00000000 52667.19412374452438996 0.10000 7 
 fake.rf 1440.00000000 52680.65657152110390626 0.10000 7 
 fake.rf 1440.00000000 52694.58961353968894059 0.10000 7 
 fake.rf 1440.00000000 52708.61187119475872720 0.10000 7 
 fake.rf 1440.00000000 52722.52127366580485557 0.10000 7 
 fake.rf 1440.00000000 52736.66447935832170302 0.10000 7 
 fake.rf 1440.00000000 52750.73844732146963565 0.10000 7 
 fake.rf 1440.00000000 52764.61159312210699568 0.10000 7 
 fake.rf 1440.00000000 52778.85360181457845030 0.10000 7 
 fake.rf 1440.00000000 52792.29903991437591770 0.10000 7 
 fake.rf 1440.00000000 52806.50399301036996036 0.10000 7 
 fake.rf 1440.00000000 52820.33488923805494153 0.10000 7 
 fake.rf 1440.00000000 52834.76244622873156587 0.10000 7 
 fake.rf 1440.00000000 52848.27416025874088845 0.10000 7 
 fake.rf 1440.00000000 52862.67065062454130242 0.10000 7 
 fake.rf 1440.00000000 52876.66086436895226797 0.10000 7 
 fake.rf 1440.00000000 52890.10735644525760435 0.10000 7 
 fake.rf 1440.00000000 52904.55047289836740632 0.10000 7 
 fake.rf 1440.00000000 52918.23157198886672248 0.10000 7 
 fake.rf 1440.00000000 52932.03927060169407426 0.10000 7 
 fake.rf 1440.00000000 52946.27008744905137405 0.10000 7 
 fake.rf 1440.00000000 52960.38443135859256117 0.10000 7 
 fake.rf 1440.00000000 52974.00810912359560589 0.10000 7 
 fake.rf 1440.00000000 52987.80740648573440765 0.10000 7 
 fake.rf 1440.00000000 53001.91049059390440945 0.10000 7 
