FORMAT 1
 fake.rf 1440.00000000 50000.18458281370742213 0.10000 7 
 fake.rf 1440.00000000 50014.14556937038233286 0.10000 7 
 fake.rf 1440.00000000 50027.97014652752569575 0.10000 7 
 fake.rf 1440.00000000 50041.86941445384071514 0.10000 7 
 fake.rf 1440.00000000 50055.74531740114368716 0.10000 7 
 fake.rf 1440.00000000 50070.30091862559885030 0.10000 7 
 fake.rf 1440.00000000 50083.71094436374550796 0.10000 7 
 fake.rf 1440.00000000 50097.75418787970481205 0.10000 7 
 fake.rf 1440.00000000 50111.61439044193682690 0.10000 7 
 fake.rf 1440.00000000 50125.75156655811014872 0.10000 7 
 fake.rf 1440.00000000 50139.74243858259001527 0.10000 7 
 fake.rf 1440.00000000 50153.78407290459841406 0.10000 7 
 fake.rf 1440.00000000 50168.03344314081810040 0.10000 7 
 fake.rf 1440.00000000 50181.93568697903122455 0.10000 7 
 fake.rf 1440.00000000 50195.59088933267327803 0.10000 7 
 fake.rf 1440.00000000 50209.32392379863906484 0.10000 7 
 fake.rf 1440.00000000 50223.46934671461730204 0.10000 7 
 fake.rf 1440.00000000 50237.66033825087141551 0.10000 7 
 fake.rf 1440.00000000 50251.19248906939819577 0.10000 7 
 fake.rf 1440.00000000 50265.55451866050423959 0.10000 7 
 fake.rf 1440.00000000 50279.51355994393797033 0.10000 7 
 fake.rf 1440.00000000 50293.07415055643595636 0.10000 7 
 fake.rf 1440.00000000 50307.58756502820567746 0.10000 7 
 fake.rf 1440.00000000 50321.36128202331402903 0.10000 7 
 fake.rf 1440.00000000 50335.30786449106826197 0.10000 7 
 fake.rf 1440.00000000 50349.00053699292202580 0.10000 7 
 fake.rf 1440.00000000 50363.04329692911743166 0.10000 7 
 fake.rf 1440.00000000 50377.14244942233387192 0.10000 7 
 fake.rf 1440.00000000 50391.16369239539421798 0.10000 7 
 fake.rf 1440.00000000 50405.04397578001618285 0.10000 7 
 fake.rf 1440.00000000 50419.28443845621315944 0.10000 7 
 fake.rf 1440.00000000 50432.69260721250932278 0.10000 7 
 fake.rf 1440.00000000 50447.23876980187751684 0.10000 7 
 fake.rf 1440.00000000 50460.67536908545310581 0.10000 7 
 fake.rf 1440.00000000 50474.68769839425818091 0.10000 7 
 fake.rf 1440.00000000 50489.14798996960522359 0.10000 7 
 fake.rf 1440.00000000 50502.51174974369158832 0.10000 7 
 fake.rf 1440.00000000 50516.63899768152431591 0.10000 7 
 fake.rf 1440.00000000 50530.51409225730219887 0.10000 7 
 fake.rf 1440.00000000 50544.44294735794550633 0.10000 7 
 fake.rf 1440.00000000 50558.74559753716505739 0.10000 7 
 fake.rf 1440.00000000 50572.64978997350078060 0.10000 7 
 fake.rf 1440.00000000 50586.65850541464885737 0.10000 7 
 fake.rf 1440.00000000 50600.58208536722554527 0.10000 7 
 fake.rf 1440.00000000 50614.42674773692190371 0.10000 7 
 fake.rf 1440.00000000 50628.79555837455675871 0.10000 7 
 fake.rf 1440.00000000 50642.49039867611519128 0.10000 7 
 fake.rf 1440.00000000 50656.51871010932594075 0.10000 7 
 fake.rf 1440.00000000 50670.45007148688023335 0.10000 7 
 fake.rf 1440.00000000 50684.38195546369193778 0.10000 7 
 fake.rf 1440.00000000 50698.14385604212587921 0.10000 7 
 fake.rf 1440.00000000 50712.07248469838336646 0.10000 7 
 fake.rf 1440.00000000 50726.26985189072478377 0.10000 7 
 fake.rf 1440.00000000 50739.91672652826137480 0.10000 7 
 fake.rf 1440.00000000 50754.32396493687443595 0.10000 7 
 fake.rf 1440.00000000 50767.83947401100237684 0.10000 7 
 fake.rf 1440.00000000 50781.88391369987959578 0.10000 7 
 fake.rf 1440.00000000 50795.70547148619068878 0.10000 7 
 fake.rf 1440.00000000 50810.02502572666042724 0.10000 7 
 fake.rf 1440.00000000 50824.12893454628001422 0.10000 7 
 fake.rf 1440.00000000 50837.86900175940056457 0.10000 7 
 fake.rf 1440.00000000 50851.80057802963535707 0.10000 7 
 fake.rf 1440.00000000 50866.01754834965301555 0.10000 7 
 fake.rf 1440.00000000 50879.67533752742745889 0.10000 7 
 fake.rf 1440.00000000 50893.74840574735954846 0.10000 7 
 fake.rf 1440.00000000 50908.01593158984708865 0.10000 7 
 fake.rf 1440.00000000 50921.50557188165450029 0.10000 7 
 fake.rf 1440.00000000 50935.64729253644218687 0.10000 7 
 fake.rf 1440.00000000 50949.41362568218104201 0.10000 7 
 fake.rf 1440.00000000 50963.48325306870093243 0.10000 7 
 fake.rf 1440.00000000 50977.59205496019270143 0.10000 7 
 fake.rf 1440.00000000 50991.69926434675499394 0.10000 7 
 fake.rf 1440.00000000 51005.71131041721464783 0.10000 7 
 fake.rf 1440.00000000 51019.20038698380258424 0.10000 7 
 fake.rf 1440.00000000 51033.26940250691954049 0.10000 7 
 fake.rf 1440.00000000 51047.16433710394592538 0.10000 7 
 fake.rf 1440.00000000 51061.06045034893113765 0.10000 7 
 fake.rf 1440.00000000 51075.52919895542930817 0.10000 7 
 fake.rf 1440.00000000 51089.49067094261488364 0.10000 7 
 fake.rf 1440.00000000 51103.35637168183803425 0.10000 7 
 fake.rf 1440.00000000 51117.12856344698116118 0.10000 7 
 fake.rf 1440.00000000 51130.89016215446659430 0.10000 7 
 fake.rf 1440.00000000 51145.38938427528152886 0.10000 7 
 fake.rf 1440.00000000 51158.73050278038620320 0.10000 7 
 fake.rf 1440.00000000 51172.84386868622224398 0.10000 7 
 fake.rf 1440.00000000 51187.12188852461430244 0.10000 7 
 fake.rf 1440.00000000 51200.68340890425566769 0.10000 7 
 fake.rf 1440.00000000 51214.87944058751526200 0.10000 7 
 fake.rf 1440.00000000 51229.01724434944319242 0.10000 7 
 fake.rf 1440.00000000 51242.93654505408168731 0.10000 7 
 fake.rf 1440.00000000 51256.60804495688962135 0.10000 7 
 fake.rf 1440.00000000 51270.52414210685591556 0.10000 7 
 fake.rf 1440.00000000 51284.41324493120343675 0.10000 7 
 fake.rf 1440.00000000 51298.33994139224751763 0.10000 7 
 fake.rf 1440.00000000 51312.61872043847374769 0.10000 7 
 fake.rf 1440.00000000 51326.61911741591050884 0.10000 7 
 fake.rf 1440.00000000 51340.85156573414215941 0.10000 7 
 fake.rf 1440.00000000 51354.65821110802150429 0.10000 7 
 fake.rf 1440.00000000 51368.17188821032015511 0.10000 7 
 fake.rf 1440.00000000 51382.20889584812484330 0.10000 7 
 fake.rf 1440.00000000 51396.12339479040220525 0.10000 7 
 fake.rf 1440.00000000 51410.45076628601869118 0.10000 7 
 fake.rf 1440.00000000 51424.63320943424105991 0.10000 7 
 fake.rf 1440.00000000 51438.59798060565554678 0.10000 7 
 fake.rf 1440.00000000 51452.45265481744349501 0.10000 7 
 fake.rf 1440.00000000 51466.07567278891674789 0.10000 7 
 fake.rf 1440.00000000 51479.97360441686819499 0.10000 7 
 fake.rf 1440.00000000 51494.42928473731541317 0.10000 7 
 fake.rf 1440.00000000 51507.89261075931760558 0.10000 7 
 fake.rf 1440.00000000 51521.79024044931910709 0.10000 7 
 fake.rf 1440.00000000 51536.14984760160316668 0.10000 7 
 fake.rf 1440.00000000 51550.09025805429255129 0.10000 7 
 fake.rf 1440.00000000 51563.78771260396455389 0.10000 7 
 fake.rf 1440.00000000 51578.01810114427271614 0.10000 7 
 fake.rf 1440.00000000 51592.00452294341552673 0.10000 7 
 fake.rf 1440.00000000 51605.85356940080469457 0.10000 7 
 fake.rf 1440.00000000 51619.73353729185567218 0.10000 7 
 fake.rf 1440.00000000 51633.98637220807428605 0.10000 7 
 fake.rf 1440.00000000 51647.40300970681754222 0.10000 7 
 fake.rf 1440.00000000 51661.45900738217288506 0.10000 7 
 fake.rf 1440.00000000 51675.66936910708572839 0.10000 7 
 fake.rf 1440.00000000 51689.46239936329976317 0.10000 7 
 fake.rf 1440.00000000 51703.47272008825114042 0.10000 7 
 fake.rf 1440.00000000 51717.61041060169189976 0.10000 7 
 fake.rf 1440.00000000 51731.36836332681136241 0.10000 7 
 fake.rf 1440.00000000 51745.69568938461891250 0.10000 7 
 fake.rf 1440.00000000 51759.20533633437024434 0.10000 7 
 fake.rf 1440.00000000 51773.23396344535984426 0.10000 7 
 fake.rf 1440.00000000 51787.40616081101968859 0.10000 7 
 fake.rf 1440.00000000 51801.13437758994982474 0.10000 7 
 fake.rf 1440.00000000 51815.23823834346693573 0.10000 7 
 fake.rf 1440.00000000 51829.36316075638508849 0.10000 7 
 fake.rf 1440.00000000 51843.45697527714270691 0.10000 7 
 fake.rf 1440.00000000 51857.11483863050272447 0.10000 7 
 fake.rf 1440.00000000 51871.24275799624688688 0.10000 7 
 fake.rf 1440.00000000 51885.22947288315655356 0.10000 7 
 fake.rf 1440.00000000 51899.21524690503972010 0.10000 7 
 fake.rf 1440.00000000 51913.27932404971602764 0.10000 7 
 fake.rf 1440.00000000 51927.09327857115149740 0.10000 7 
 fake.rf 1440.00000000 51940.58060469445486973 0.10000 7 
 fake.rf 1440.00000000 51954.58053760213013561 0.10000 7 
 fake.rf 1440.00000000 51968.79232528754396014 0.10000 7 
 fake.rf 1440.00000000 51982.92495480078717307 0.10000 7 
 fake.rf 1440.00000000 51996.66056807562044284 0.10000 7 
 fake.rf 1440.00000000 52010.47430389620965840 0.10000 7 
 fake.rf 1440.00000000 52024.63158122801746686 0.10000 7 
 fake.rf 1440.00000000 52038.92113363301152162 0.10000 7 
 fake.rf 1440.00000000 52052.65306339603857211 0.10000 7 
 fake.rf 1440.00000000 52066.43473496246273768 0.10000 7 
 fake.rf 1440.00000000 52080.17915104753726752 0.10000 7 
 fake.rf 1440.00000000 52094.67197130968019181 0.10000 7 
 fake.rf 1440.00000000 52108.70223056653799176 0.10000 7 
 fake.rf 1440.00000000 52122.27790295641409202 0.10000 7 
 fake.rf 1440.00000000 52136.15260347329710910 0.10000 7 
 fake.rf 1440.00000000 52150.35877924855440213 0.10000 7 
 fake.rf 1440.00000000 52164.39729714158999130 0.10000 7 
 fake.rf 1440.00000000 52177.97088301486976292 0.10000 7 
 fake.rf 1440.00000000 52192.39159845879544619 0.10000 7 
 fake.rf 1440.00000000 52206.49696967689799010 0.10000 7 
 fake.rf 1440.00000000 52220.28097878847982116 0.10000 7 
 fake.rf 1440.00000000 52233.80147053387310052 0.10000 7 
 fake.rf 1440.00000000 52248.04892859482126610 0.10000 7 
 fake.rf 1440.00000000 52261.99608612549418396 0.10000 7 
 fake.rf 1440.00000000 52275.64861847017578356 0.10000 7 
 fake.rf 1440.00000000 52290.25883249418332355 0.10000 7 
 fake.rf 1440.00000000 52303.70546902000693734 0.10000 7 
 fake.rf 1440.00000000 52318.04960886826837196 0.10000 7 
 fake.rf 1440.00000000 52332.01715637145230531 0.10000 7 
 fake.rf 1440.00000000 52345.56609612397046405 0.10000 7 
 fake.rf 1440.00000000 52359.76241645803512625 0.10000 7 
 fake.rf 1440.00000000 52373.92218302565554566 0.10000 7 
 fake.rf 1440.00000000 52387.50928149499185338 0.10000 7 
 fake.rf 1440.00000000 52401.95561580743096641 0.10000 7 
 fake.rf 1440.00000000 52415.61957101226625610 0.10000 7 
 fake.rf 1440.00000000 52429.64717574672802414 0.10000 7 
 fake.rf 1440.00000000 52443.27880510038307094 0.10000 7 
 fake.rf 1440.00000000 52457.80493035841298166 0.10000 7 
 fake.rf 1440.00000000 52471.49364700990351551 0.10000 7 
 fake.rf 1440.00000000 52485.56209893571497460 0.10000 7 
 fake.rf 1440.00000000 52499.24145510013293148 0.10000 7 
 fake.rf 1440.00000000 52513.37948054895239025 0.10000 7 
 fake.rf 1440.00000000 52527.31231220661717529 0.10000 7 
 fake.rf 1440.00000000 52541.06015363295090381 0.10000 7 
 fake.rf 1440.00000000 52555.47874423504726948 0.10000 7 
 fake.rf 1440.00000000 52569.32450232899812192 0.10000 7 
 fake.rf 1440.00000000 52583.31674573038701936 0.10000 7 
 fake.rf 1440.00000000 52597.14541360895528754 0.10000 7 
 fake.rf 1440.00000000 52611.26965033047088482 0.10000 7 
 fake.rf 1440.00000000 52625.05416845005420257 0.10000 7 
 fake.rf 1440.00000000 52639.02643376408394360 0.10000 7 
 fake.rf 1440.00000000 52652.97290552937575114 0.10000 7 
 fake.rf 1440.00000000 52666.98280824026603497 0.10000 7 
 fake.rf 1440.00000000 52680.57409097160039835 0.10000 7 
 fake.rf 1440.00000000 52694.50594642128412204 0.10000 7 
 fake.rf 1440.00000000 52708.87327404636324246 0.10000 7 
 fake.rf 1440.00000000 52722.44633023390796822 0.10000 7 
 fake.rf 1440.00000000 52736.52971506890916586 0.10000 7 
 fake.rf 1440.00000000 52750.61274185308506190 0.10000 7 
 fake.rf 1440.00000000 52764.85823843459741056 0.10000 7 
 fake.rf 1440.00000000 52778.52878884678035121 0.10000 7 
 fake.rf 1440.00000000 52792.84636212654736909 0.10000 7 
 fake.rf 1440.00000000 52806.62318459696987105 0.10000 7 
 fake.rf 1440.00000000 52820.58572624075022262 0.10000 7 
 fake.rf 1440.00000000 52834.72119326060689914 0.10000 7 
 fake.rf 1440.00000000 52848.20019689997660706 0.10000 7 
 fake.rf 1440.00000000 52862.22856938488710909 0.10000 7 
 fake.rf 1440.00000000 52876.03389204705139903 0.10000 7 
 fake.rf 1440.00000000 52890.07724682030778496 0.10000 7 
 fake.rf 1440.00000000 52904.49922864435061243 0.10000 7 
 fake.rf 1440.00000000 52918.41122924123800075 0.10000 7 
 fake.rf 1440.00000000 52932.17216648594677153 0.10000 7 
 fake.rf 1440.00000000 52946.10373308782194712 0.10000 7 
 fake.rf 1440.00000000 52959.98679136283238833 0.10000 7 
 fake.rf 1440.00000000 52974.20046275793255219 0.10000 7 
 fake.rf 1440.00000000 52987.92217943329637109 0.10000 7 
 fake.rf 1440.00000000 53001.68922182451206737 0.10000 7 
