FORMAT 1
 fake.rf 1440.00000000 50000.21566819015030703 0.10000 7 
 fake.rf 1440.00000000 50014.47094566098120794 0.10000 7 
 fake.rf 1440.00000000 50028.40045079439203946 0.10000 7 
 fake.rf 1440.00000000 50041.80066906385481218 0.10000 7 
 fake.rf 1440.00000000 50056.06643785434777172 0.10000 7 
 fake.rf 1440.00000000 50069.98064091345327142 0.10000 7 
 fake.rf 1440.00000000 50084.09565454346514812 0.10000 7 
 fake.rf 1440.00000000 50097.99093212154778598 0.10000 7 
 fake.rf 1440.00000000 50111.87521678110361734 0.10000 7 
 fake.rf 1440.00000000 50125.72911737020353584 0.10000 7 
 fake.rf 1440.00000000 50139.90234396045867626 0.10000 7 
 fake.rf 1440.00000000 50153.90823939880905868 0.10000 7 
 fake.rf 1440.00000000 50167.88339287987612991 0.10000 7 
 fake.rf 1440.00000000 50181.67367542177127859 0.10000 7 
 fake.rf 1440.00000000 50195.38834731867395078 0.10000 7 
 fake.rf 1440.00000000 50209.71930023191066894 0.10000 7 
 fake.rf 1440.00000000 50223.32463124684926470 0.10000 7 
 fake.rf 1440.00000000 50237.70673756496110585 0.10000 7 
 fake.rf 1440.00000000 50251.54471695209653959 0.10000 7 
 fake.rf 1440.00000000 50265.33394432358663195 0.10000 7 
 fake.rf 1440.00000000 50279.78264911878981636 0.10000 7 
 fake.rf 1440.00000000 50293.46417719780228239 0.10000 7 
 fake.rf 1440.00000000 50307.33498553204224280 0.10000 7 
 fake.rf 1440.00000000 50321.57723154068827398 0.10000 7 
 fake.rf 1440.00000000 50335.20898631431043668 0.10000 7 
 fake.rf 1440.00000000 50349.54562449638634902 0.10000 7 
 fake.rf 1440.00000000 50363.09099656513738807 0.10000 7 
 fake.rf 1440.00000000 50377.31070236448001154 0.10000 7 
 fake.rf 1440.00000000 50391.23257129495052098 0.10000 7 
 fake.rf 1440.00000000 50405.20455281973141481 0.10000 7 
 fake.rf 1440.00000000 50419.22952709392349746 0.10000 7 
 fake.rf 1440.00000000 50432.76709610096627401 0.10000 7 
 fake.rf 1440.00000000 50447.03258117425404450 0.10000 7 
 fake.rf 1440.00000000 50461.02528660886375533 0.10000 7 
 fake.rf 1440.00000000 50474.66796665915097009 0.10000 7 
 fake.rf 1440.00000000 50488.57077992424733281 0.10000 7 
 fake.rf 1440.00000000 50503.18258115755096327 0.10000 7 
 fake.rf 1440.00000000 50516.97850086524534419 0.10000 7 
 fake.rf 1440.00000000 50530.81481778022365248 0.10000 7 
 fake.rf 1440.00000000 50544.68246310720319414 0.10000 7 
 fake.rf 1440.00000000 50559.03717615870489510 0.10000 7 
 fake.rf 1440.00000000 50572.41827901768278508 0.10000 7 
 fake.rf 1440.00000000 50586.33004590000730261 0.10000 7 
 fake.rf 1440.00000000 50600.69813849457056776 0.10000 7 
 fake.rf 1440.00000000 50614.57441661796690369 0.10000 7 
 fake.rf 1440.00000000 50628.23908143292293715 0.10000 7 
 fake.rf 1440.00000000 50642.30968634365106951 0.10000 7 
 fake.rf 1440.00000000 50656.49618822376560701 0.10000 7 
 fake.rf 1440.00000000 50670.58118543854049420 0.10000 7 
 fake.rf 1440.00000000 50684.52799579007692188 0.10000 7 
 fake.rf 1440.00000000 50698.54195108159600736 0.10000 7 
 fake.rf 1440.00000000 50712.44721253190020249 0.10000 7 
 fake.rf 1440.00000000 50726.11377698036938000 0.10000 7 
 fake.rf 1440.00000000 50740.03676669568316626 0.10000 7 
 fake.rf 1440.00000000 50754.22250024242421773 0.10000 7 
 fake.rf 1440.00000000 50768.22571217376313868 0.10000 7 
 fake.rf 1440.00000000 50781.85689949210212291 0.10000 7 
 fake.rf 1440.00000000 50796.29289784460655000 0.10000 7 
 fake.rf 1440.00000000 50809.88737497206938798 0.10000 7 
 fake.rf 1440.00000000 50824.14532394646814240 0.10000 7 
 fake.rf 1440.00000000 50837.92486320308414349 0.10000 7 
 fake.rf 1440.00000000 50851.58254066312144559 0.10000 7 
 fake.rf 1440.00000000 50866.08295140834166403 0.10000 7 
 fake.rf 1440.00000000 50879.49953511645451698 0.10000 7 
 fake.rf 1440.00000000 50893.85481077943471107 0.10000 7 
 fake.rf 1440.00000000 50908.03612761690589750 0.10000 7 
 fake.rf 1440.00000000 50921.39375064029060525 0.10000 7 
 fake.rf 1440.00000000 50935.73238695541849452 0.10000 7 
 fake.rf 1440.00000000 50949.74784959591936229 0.10000 7 
 fake.rf 1440.00000000 50963.64668228445134446 0.10000 7 
 fake.rf 1440.00000000 50977.22452331750895382 0.10000 7 
 fake.rf 1440.00000000 50991.63292503933145028 0.10000 7 
 fake.rf 1440.00000000 51005.61775332801414606 0.10000 7 
 fake.rf 1440.00000000 51019.14558730066200098 0.10000 7 
 fake.rf 1440.00000000 51033.29364103102949102 0.10000 7 
 fake.rf 1440.00000000 51047.19297350576779593 0.10000 7 
 fake.rf 1440.00000000 51061.09036503406778706 0.10000 7 
 fake.rf 1440.00000000 51075.34724971183358377 0.10000 7 
 fake.rf 1440.00000000 51089.47131012681300888 0.10000 7 
 fake.rf 1440.00000000 51103.49192493971706241 0.10000 7 
 fake.rf 1440.00000000 51117.06717939026733077 0.10000 7 
 fake.rf 1440.00000000 51131.24342117435109856 0.10000 7 
 fake.rf 1440.00000000 51145.20752348060159065 0.10000 7 
 fake.rf 1440.00000000 51159.15423512024011288 0.10000 7 
 fake.rf 1440.00000000 51173.29169267954651801 0.10000 7 
 fake.rf 1440.00000000 51186.81308793926963929 0.10000 7 
 fake.rf 1440.00000000 51200.80123761398771975 0.10000 7 
 fake.rf 1440.00000000 51214.60810853967209866 0.10000 7 
 fake.rf 1440.00000000 51228.60372818629140568 0.10000 7 
 fake.rf 1440.00000000 51242.89124772378605499 0.10000 7 
 fake.rf 1440.00000000 51256.99429371474586503 0.10000 7 
 fake.rf 1440.00000000 51270.80767867341994659 0.10000 7 
 fake.rf 1440.00000000 51284.79110174236813791 0.10000 7 
 fake.rf 1440.00000000 51298.76611786146714778 0.10000 7 
 fake.rf 1440.00000000 51312.70097930094520677 0.10000 7 
 fake.rf 1440.00000000 51326.41123742334625035 0.10000 7 
 fake.rf 1440.00000000 51340.60579645553619699 0.10000 7 
 fake.rf 1440.00000000 51354.60317363956233194 0.10000 7 
 fake.rf 1440.00000000 51368.69029414070669048 0.10000 7 
 fake.rf 1440.00000000 51382.27187518504621977 0.10000 7 
 fake.rf 1440.00000000 51396.20631112141221308 0.10000 7 
 fake.rf 1440.00000000 51410.57616541098065355 0.10000 7 
 fake.rf 1440.00000000 51424.60437423678139268 0.10000 7 
 fake.rf 1440.00000000 51438.56186452874173298 0.10000 7 
 fake.rf 1440.00000000 51452.49777885847197467 0.10000 7 
 fake.rf 1440.00000000 51466.04560080451141246 0.10000 7 
 fake.rf 1440.00000000 51479.94064965701252490 0.10000 7 
 fake.rf 1440.00000000 51493.81218157085645615 0.10000 7 
 fake.rf 1440.00000000 51508.32178096934684675 0.10000 7 
 fake.rf 1440.00000000 51522.37911627279809323 0.10000 7 
 fake.rf 1440.00000000 51536.30948906809792120 0.10000 7 
 fake.rf 1440.00000000 51549.76590230888422184 0.10000 7 
 fake.rf 1440.00000000 51564.03770544259129593 0.10000 7 
 fake.rf 1440.00000000 51577.97040665523677916 0.10000 7 
 fake.rf 1440.00000000 51592.07842424753640742 0.10000 7 
 fake.rf 1440.00000000 51605.85924435450781544 0.10000 7 
 fake.rf 1440.00000000 51620.01823351668759088 0.10000 7 
 fake.rf 1440.00000000 51633.48596021308853921 0.10000 7 
 fake.rf 1440.00000000 51647.77854396586608843 0.10000 7 
 fake.rf 1440.00000000 51661.97137884737059110 0.10000 7 
 fake.rf 1440.00000000 51675.76485115164846462 0.10000 7 
 fake.rf 1440.00000000 51689.53204028914224821 0.10000 7 
 fake.rf 1440.00000000 51703.57648622275922534 0.10000 7 
 fake.rf 1440.00000000 51717.39160767771797467 0.10000 7 
 fake.rf 1440.00000000 51731.17203899230046460 0.10000 7 
 fake.rf 1440.00000000 51745.18957239830742623 0.10000 7 
 fake.rf 1440.00000000 51759.41984469721834117 0.10000 7 
 fake.rf 1440.00000000 51773.43306110383678487 0.10000 7 
 fake.rf 1440.00000000 51787.48619775688875677 0.10000 7 
 fake.rf 1440.00000000 51801.17515001421457654 0.10000 7 
 fake.rf 1440.00000000 51815.47484018897026559 0.10000 7 
 fake.rf 1440.00000000 51829.50063882936740001 0.10000 7 
 fake.rf 1440.00000000 51842.93100477565835860 0.10000 7 
 fake.rf 1440.00000000 51857.29712984942627685 0.10000 7 
 fake.rf 1440.00000000 51871.31864485348000926 0.10000 7 
 fake.rf 1440.00000000 51885.38981786250122852 0.10000 7 
 fake.rf 1440.00000000 51899.34199095742924968 0.10000 7 
 fake.rf 1440.00000000 51913.29678083623200990 0.10000 7 
 fake.rf 1440.00000000 51927.27771181799561973 0.10000 7 
 fake.rf 1440.00000000 51941.11104372430755305 0.10000 7 
 fake.rf 1440.00000000 51955.16139496320952773 0.10000 7 
 fake.rf 1440.00000000 51969.11092485019552711 0.10000 7 
 fake.rf 1440.00000000 51983.10556270199533913 0.10000 7 
 fake.rf 1440.00000000 51996.79927648605010404 0.10000 7 
 fake.rf 1440.00000000 52010.71973363838487359 0.10000 7 
 fake.rf 1440.00000000 52024.86061515454660054 0.10000 7 
 fake.rf 1440.00000000 52038.37337510540366026 0.10000 7 
 fake.rf 1440.00000000 52052.49104752276717178 0.10000 7 
 fake.rf 1440.00000000 52066.80454844270846948 0.10000 7 
 fake.rf 1440.00000000 52080.64811822119797213 0.10000 7 
 fake.rf 1440.00000000 52094.33018492057893667 0.10000 7 
 fake.rf 1440.00000000 52108.47538423088024828 0.10000 7 
 fake.rf 1440.00000000 52122.12436920859011025 0.10000 7 
 fake.rf 1440.00000000 52136.55577456261850244 0.10000 7 
 fake.rf 1440.00000000 52150.55432138524290053 0.10000 7 
 fake.rf 1440.00000000 52164.02196375115138949 0.10000 7 
 fake.rf 1440.00000000 52178.50912854667626917 0.10000 7 
 fake.rf 1440.00000000 52192.10950707208362331 0.10000 7 
 fake.rf 1440.00000000 52206.29525862497109046 0.10000 7 
 fake.rf 1440.00000000 52220.20711947300940281 0.10000 7 
 fake.rf 1440.00000000 52234.20134296453595724 0.10000 7 
 fake.rf 1440.00000000 52248.05834407922109008 0.10000 7 
 fake.rf 1440.00000000 52262.03422965208780937 0.10000 7 
 fake.rf 1440.00000000 52276.16371179061449226 0.10000 7 
 fake.rf 1440.00000000 52289.75839741323370902 0.10000 7 
 fake.rf 1440.00000000 52303.79402401565340597 0.10000 7 
 fake.rf 1440.00000000 52318.03290526380837733 0.10000 7 
 fake.rf 1440.00000000 52331.61799004651231115 0.10000 7 
 fake.rf 1440.00000000 52345.64663261092236368 0.10000 7 
 fake.rf 1440.00000000 52359.90467088625324621 0.10000 7 
 fake.rf 1440.00000000 52374.02798030008241525 0.10000 7 
 fake.rf 1440.00000000 52387.47853350322677812 0.10000 7 
 fake.rf 1440.00000000 52401.72432777083562883 0.10000 7 
 fake.rf 1440.00000000 52415.88050106231337821 0.10000 7 
 fake.rf 1440.00000000 52429.72966080481204187 0.10000 7 
 fake.rf 1440.00000000 52443.26747159734796710 0.10000 7 
 fake.rf 1440.00000000 52457.60275248656902747 0.10000 7 
 fake.rf 1440.00000000 52471.66956493319484878 0.10000 7 
 fake.rf 1440.00000000 52485.36327419096445013 0.10000 7 
 fake.rf 1440.00000000 52499.38361542079297806 0.10000 7 
 fake.rf 1440.00000000 52513.33222369331137003 0.10000 7 
 fake.rf 1440.00000000 52527.41289236572940169 0.10000 7 
 fake.rf 1440.00000000 52540.94999232279871038 0.10000 7 
 fake.rf 1440.00000000 52555.25247831707832802 0.10000 7 
 fake.rf 1440.00000000 52569.13611174462341680 0.10000 7 
 fake.rf 1440.00000000 52583.37665122972216381 0.10000 7 
 fake.rf 1440.00000000 52597.18500569305119896 0.10000 7 
 fake.rf 1440.00000000 52610.92736331264728378 0.10000 7 
 fake.rf 1440.00000000 52624.80650738077854456 0.10000 7 
 fake.rf 1440.00000000 52638.83883942871179684 0.10000 7 
 fake.rf 1440.00000000 52653.19795064319795230 0.10000 7 
 fake.rf 1440.00000000 52667.10954430786662783 0.10000 7 
 fake.rf 1440.00000000 52681.03710352894756141 0.10000 7 
 fake.rf 1440.00000000 52694.74365968912192315 0.10000 7 
 fake.rf 1440.00000000 52708.82296157461142627 0.10000 7 
 fake.rf 1440.00000000 52723.05009913586329517 0.10000 7 
 fake.rf 1440.00000000 52736.83050799093329175 0.10000 7 
 fake.rf 1440.00000000 52750.52025050376716209 0.10000 7 
 fake.rf 1440.00000000 52764.37069890504982794 0.10000 7 
 fake.rf 1440.00000000 52778.88464306716334917 0.10000 7 
 fake.rf 1440.00000000 52792.87064994583503719 0.10000 7 
 fake.rf 1440.00000000 52806.88263379915968443 0.10000 7 
 fake.rf 1440.00000000 52820.21869056863274494 0.10000 7 
 fake.rf 1440.00000000 52834.48871779289305195 0.10000 7 
 fake.rf 1440.00000000 52848.69510101161513305 0.10000 7 
 fake.rf 1440.00000000 52862.58521020740273499 0.10000 7 
 fake.rf 1440.00000000 52876.43127434631789896 0.10000 7 
 fake.rf 1440.00000000 52890.34449783559799840 0.10000 7 
 fake.rf 1440.00000000 52904.33964552867852760 0.10000 7 
 fake.rf 1440.00000000 52917.91764498549576601 0.10000 7 
 fake.rf 1440.00000000 52931.88943579342161172 0.10000 7 
 fake.rf 1440.00000000 52945.87141782937610657 0.10000 7 
 fake.rf 1440.00000000 52960.23497871387464997 0.10000 7 
 fake.rf 1440.00000000 52973.78209551612432904 0.10000 7 
 fake.rf 1440.00000000 52988.10478962791916402 0.10000 7 
 fake.rf 1440.00000000 53001.72354330678343359 0.10000 7 
