FORMAT 1
 fake.rf 1440.00000000 50000.47525387894752313 0.10000 7 
 fake.rf 1440.00000000 50013.97786185006789950 0.10000 7 
 fake.rf 1440.00000000 50028.04386587580061629 0.10000 7 
 fake.rf 1440.00000000 50042.45378506933218077 0.10000 7 
 fake.rf 1440.00000000 50056.02695113839430974 0.10000 7 
 fake.rf 1440.00000000 50069.82362576650352182 0.10000 7 
 fake.rf 1440.00000000 50084.18336471363287288 0.10000 7 
 fake.rf 1440.00000000 50097.72231611273687690 0.10000 7 
 fake.rf 1440.00000000 50111.93043959130604037 0.10000 7 
 fake.rf 1440.00000000 50125.74103978955545813 0.10000 7 
 fake.rf 1440.00000000 50139.54535482895982668 0.10000 7 
 fake.rf 1440.00000000 50153.57211326087057657 0.10000 7 
 fake.rf 1440.00000000 50167.77734871228710745 0.10000 7 
 fake.rf 1440.00000000 50181.47033818313024156 0.10000 7 
 fake.rf 1440.00000000 50195.38260018665296158 0.10000 7 
 fake.rf 1440.00000000 50209.61206858669963538 0.10000 7 
 fake.rf 1440.00000000 50223.35526799819428945 0.10000 7 
 fake.rf 1440.00000000 50237.30847943706720571 0.10000 7 
 fake.rf 1440.00000000 50251.84620119384151948 0.10000 7 
 fake.rf 1440.00000000 50265.83400989919270074 0.10000 7 
 fake.rf 1440.00000000 50279.71555659207540501 0.10000 7 
 fake.rf 1440.00000000 50293.47090182506770617 0.10000 7 
 fake.rf 1440.00000000 50307.41016013188341205 0.10000 7 
 fake.rf 1440.00000000 50321.32508059979738135 0.10000 7 
 fake.rf 1440.00000000 50335.36331802676587444 0.10000 7 
 fake.rf 1440.00000000 50349.31259319266975893 0.10000 7 
 fake.rf 1440.00000000 50363.24772181362020973 0.10000 7 
 fake.rf 1440.00000000 50377.02107946282133355 0.10000 7 
 fake.rf 1440.00000000 50391.22236414712322983 0.10000 7 
 fake.rf 1440.00000000 50404.85174629454360939 0.10000 7 
 fake.rf 1440.00000000 50418.94875037129098772 0.10000 7 
 fake.rf 1440.00000000 50433.01414348296300361 0.10000 7 
 fake.rf 1440.00000000 50446.85102634156501722 0.10000 7 
 fake.rf 1440.00000000 50461.05226049483132655 0.10000 7 
 fake.rf 1440.00000000 50474.89913219064799321 0.10000 7 
 fake.rf 1440.00000000 50489.01407388582638092 0.10000 7 
 fake.rf 1440.00000000 50503.05020872333696147 0.10000 7 
 fake.rf 1440.00000000 50516.62837875078493255 0.10000 7 
 fake.rf 1440.00000000 50530.98716454798260855 0.10000 7 
 fake.rf 1440.00000000 50544.60298231629058918 0.10000 7 
 fake.rf 1440.00000000 50558.69664528592945985 0.10000 7 
 fake.rf 1440.00000000 50572.89797215416769305 0.10000 7 
 fake.rf 1440.00000000 50586.57877444621443175 0.10000 7 
 fake.rf 1440.00000000 50600.91589893703968883 0.10000 7 
 fake.rf 1440.00000000 50614.84844139443730526 0.10000 7 
 fake.rf 1440.00000000 50628.47973164558802850 0.10000 7 
 fake.rf 1440.00000000 50642.41788400158322858 0.10000 7 
 fake.rf 1440.00000000 50656.13185190068232089 0.10000 7 
 fake.rf 1440.00000000 50670.42124637412243260 0.10000 7 
 fake.rf 1440.00000000 50684.26867984447883231 0.10000 7 
 fake.rf 1440.00000000 50698.00868249111148955 0.10000 7 
 fake.rf 1440.00000000 50712.21784974432562976 0.10000 7 
 fake.rf 1440.00000000 50726.52552118376788570 0.10000 7 
 fake.rf 1440.00000000 50740.24300824088774675 0.10000 7 
 fake.rf 1440.00000000 50754.40532202758799585 0.10000 7 
 fake.rf 1440.00000000 50768.12279023149827495 0.10000 7 
 fake.rf 1440.00000000 50781.82777852465357071 0.10000 7 
 fake.rf 1440.00000000 50795.96344701679969091 0.10000 7 
 fake.rf 1440.00000000 50810.15916563247920124 0.10000 7 
 fake.rf 1440.00000000 50824.10366462889276562 0.10000 7 
 fake.rf 1440.00000000 50837.90694136117267732 0.10000 7 
 fake.rf 1440.00000000 50851.57122344967980965 0.10000 7 
 fake.rf 1440.00000000 50865.61934163201011572 0.10000 7 
 fake.rf 1440.00000000 50879.96439393579353450 0.10000 7 
 fake.rf 1440.00000000 50893.86813621732793322 0.10000 7 
 fake.rf 1440.00000000 50907.80135221343840257 0.10000 7 
 fake.rf 1440.00000000 50921.63290562158444175 0.10000 7 
 fake.rf 1440.00000000 50935.61100882911172505 0.10000 7 
 fake.rf 1440.00000000 50949.82728760468994622 0.10000 7 
 fake.rf 1440.00000000 50963.38918618390117032 0.10000 7 
 fake.rf 1440.00000000 50977.68799987777817506 0.10000 7 
 fake.rf 1440.00000000 50991.36950104691338836 0.10000 7 
 fake.rf 1440.00000000 51005.17095251129232736 0.10000 7 
 fake.rf 1440.00000000 51019.18879453603286933 0.10000 7 
 fake.rf 1440.00000000 51033.24564629741939825 0.10000 7 
 fake.rf 1440.00000000 51047.68453296843345512 0.10000 7 
 fake.rf 1440.00000000 51061.37189129707399005 0.10000 7 
 fake.rf 1440.00000000 51075.40512146193790599 0.10000 7 
 fake.rf 1440.00000000 51088.92953544783924258 0.10000 7 
 fake.rf 1440.00000000 51102.94451431310031708 0.10000 7 
 fake.rf 1440.00000000 51116.86340400553049079 0.10000 7 
 fake.rf 1440.00000000 51130.83271339633683539 0.10000 7 
 fake.rf 1440.00000000 51145.09508561498866541 0.10000 7 
 fake.rf 1440.00000000 51159.35987279762134960 0.10000 7 
 fake.rf 1440.00000000 51173.08489531226654634 0.10000 7 
 fake.rf 1440.00000000 51186.88114067886720804 0.10000 7 
 fake.rf 1440.00000000 51200.90162217277367418 0.10000 7 
 fake.rf 1440.00000000 51215.03652566939119239 0.10000 7 
 fake.rf 1440.00000000 51229.00666564318541774 0.10000 7 
 fake.rf 1440.00000000 51242.59442511677014309 0.10000 7 
 fake.rf 1440.00000000 51256.71205363917652065 0.10000 7 
 fake.rf 1440.00000000 51270.52369644123961834 0.10000 7 
 fake.rf 1440.00000000 51284.48063071191450035 0.10000 7 
 fake.rf 1440.00000000 51298.68460356050558957 0.10000 7 
 fake.rf 1440.00000000 51312.87952468853642785 0.10000 7 
 fake.rf 1440.00000000 51326.77842736910096733 0.10000 7 
 fake.rf 1440.00000000 51340.28717557680671746 0.10000 7 
 fake.rf 1440.00000000 51354.35187618642574847 0.10000 7 
 fake.rf 1440.00000000 51368.26710808434542699 0.10000 7 
 fake.rf 1440.00000000 51382.69702783007361191 0.10000 7 
 fake.rf 1440.00000000 51396.36185305583747507 0.10000 7 
 fake.rf 1440.00000000 51410.61412475005056777 0.10000 7 
 fake.rf 1440.00000000 51424.09710502418384337 0.10000 7 
 fake.rf 1440.00000000 51438.26827448423043876 0.10000 7 
 fake.rf 1440.00000000 51452.57661424168746933 0.10000 7 
 fake.rf 1440.00000000 51466.15467237209932350 0.10000 7 
 fake.rf 1440.00000000 51480.13628787897517824 0.10000 7 
 fake.rf 1440.00000000 51494.17021209564395434 0.10000 7 
 fake.rf 1440.00000000 51507.81972647112587538 0.10000 7 
 fake.rf 1440.00000000 51522.03064866152632817 0.10000 7 
 fake.rf 1440.00000000 51536.11777778683660145 0.10000 7 
 fake.rf 1440.00000000 51549.72440794359307503 0.10000 7 
 fake.rf 1440.00000000 51563.94286560047813595 0.10000 7 
 fake.rf 1440.00000000 51577.66392631312978523 0.10000 7 
 fake.rf 1440.00000000 51591.57356969423205584 0.10000 7 
 fake.rf 1440.00000000 51605.55527590991001929 0.10000 7 
 fake.rf 1440.00000000 51619.77747480149261250 0.10000 7 
 fake.rf 1440.00000000 51633.74582567774517017 0.10000 7 
 fake.rf 1440.00000000 51647.90066149564777120 0.10000 7 
 fake.rf 1440.00000000 51661.46455975806338756 0.10000 7 
 fake.rf 1440.00000000 51675.72556285217414285 0.10000 7 
 fake.rf 1440.00000000 51689.36958659450906950 0.10000 7 
 fake.rf 1440.00000000 51703.45002038121996790 0.10000 7 
 fake.rf 1440.00000000 51717.70618383761465964 0.10000 7 
 fake.rf 1440.00000000 51731.59240648656536976 0.10000 7 
 fake.rf 1440.00000000 51745.23932081457532206 0.10000 7 
 fake.rf 1440.00000000 51759.43261292747029145 0.10000 7 
 fake.rf 1440.00000000 51773.53247655310745046 0.10000 7 
 fake.rf 1440.00000000 51787.28231754715313073 0.10000 7 
 fake.rf 1440.00000000 51801.42906766460436430 0.10000 7 
 fake.rf 1440.00000000 51815.33041044006764153 0.10000 7 
 fake.rf 1440.00000000 51829.44996939312782658 0.10000 7 
 fake.rf 1440.00000000 51843.22055059569031243 0.10000 7 
 fake.rf 1440.00000000 51857.30976639005136519 0.10000 7 
 fake.rf 1440.00000000 51870.97205417942820915 0.10000 7 
 fake.rf 1440.00000000 51885.08920123705087946 0.10000 7 
 fake.rf 1440.00000000 51898.79470117383637273 0.10000 7 
 fake.rf 1440.00000000 51913.14349728667680495 0.10000 7 
 fake.rf 1440.00000000 51926.66612788601920059 0.10000 7 
 fake.rf 1440.00000000 51940.72603498046582970 0.10000 7 
 fake.rf 1440.00000000 51954.65731263179951327 0.10000 7 
 fake.rf 1440.00000000 51968.97196510953383353 0.10000 7 
 fake.rf 1440.00000000 51982.67672839855723765 0.10000 7 
 fake.rf 1440.00000000 51996.86468980648709604 0.10000 7 
 fake.rf 1440.00000000 52010.93862908936988987 0.10000 7 
 fake.rf 1440.00000000 52024.59126179941367241 0.10000 7 
 fake.rf 1440.00000000 52038.79915551840763044 0.10000 7 
 fake.rf 1440.00000000 52052.46685306783547276 0.10000 7 
 fake.rf 1440.00000000 52066.79272939806845244 0.10000 7 
 fake.rf 1440.00000000 52080.52701831422656653 0.10000 7 
 fake.rf 1440.00000000 52094.46350685308060235 0.10000 7 
 fake.rf 1440.00000000 52108.42194569018945316 0.10000 7 
 fake.rf 1440.00000000 52122.50515110407751962 0.10000 7 
 fake.rf 1440.00000000 52136.56029943142959127 0.10000 7 
 fake.rf 1440.00000000 52150.14646115954519701 0.10000 7 
 fake.rf 1440.00000000 52164.15411524615374717 0.10000 7 
 fake.rf 1440.00000000 52178.56107068690859307 0.10000 7 
 fake.rf 1440.00000000 52192.37875061354108297 0.10000 7 
 fake.rf 1440.00000000 52206.52449440320977914 0.10000 7 
 fake.rf 1440.00000000 52220.05285019222658605 0.10000 7 
 fake.rf 1440.00000000 52234.05550636998452418 0.10000 7 
 fake.rf 1440.00000000 52248.14081889990694663 0.10000 7 
 fake.rf 1440.00000000 52261.82695976630191481 0.10000 7 
 fake.rf 1440.00000000 52276.30508984868651368 0.10000 7 
 fake.rf 1440.00000000 52289.85117757926889581 0.10000 7 
 fake.rf 1440.00000000 52303.90449901238939034 0.10000 7 
 fake.rf 1440.00000000 52317.87133554273718872 0.10000 7 
 fake.rf 1440.00000000 52331.82781592656620617 0.10000 7 
 fake.rf 1440.00000000 52345.60149285798222607 0.10000 7 
 fake.rf 1440.00000000 52359.79585271060707186 0.10000 7 
 fake.rf 1440.00000000 52373.85046628945685399 0.10000 7 
 fake.rf 1440.00000000 52387.59364694582045985 0.10000 7 
 fake.rf 1440.00000000 52401.47421867617217117 0.10000 7 
 fake.rf 1440.00000000 52415.93848822058567194 0.10000 7 
 fake.rf 1440.00000000 52429.90785638112352274 0.10000 7 
 fake.rf 1440.00000000 52443.23392681495875678 0.10000 7 
 fake.rf 1440.00000000 52457.38905511905133139 0.10000 7 
 fake.rf 1440.00000000 52471.60454310860912841 0.10000 7 
 fake.rf 1440.00000000 52485.30320377591509384 0.10000 7 
 fake.rf 1440.00000000 52499.15576785490606326 0.10000 7 
 fake.rf 1440.00000000 52513.14377078173167135 0.10000 7 
 fake.rf 1440.00000000 52527.48381268850048897 0.10000 7 
 fake.rf 1440.00000000 52541.33304173491730182 0.10000 7 
 fake.rf 1440.00000000 52555.44247610427638406 0.10000 7 
 fake.rf 1440.00000000 52569.20922577915795060 0.10000 7 
 fake.rf 1440.00000000 52583.34950926238241209 0.10000 7 
 fake.rf 1440.00000000 52596.83815712918699603 0.10000 7 
 fake.rf 1440.00000000 52611.05008829955189498 0.10000 7 
 fake.rf 1440.00000000 52625.04627773605670882 0.10000 7 
 fake.rf 1440.00000000 52638.71889551382516004 0.10000 7 
 fake.rf 1440.00000000 52653.16407524746484725 0.10000 7 
 fake.rf 1440.00000000 52667.20114688148742133 0.10000 7 
 fake.rf 1440.00000000 52680.99730325882153892 0.10000 7 
 fake.rf 1440.00000000 52695.16684988660531275 0.10000 7 
 fake.rf 1440.00000000 52709.05361101195244089 0.10000 7 
 fake.rf 1440.00000000 52723.10074789164867681 0.10000 7 
 fake.rf 1440.00000000 52736.69517531938083010 0.10000 7 
 fake.rf 1440.00000000 52750.58699902548485738 0.10000 7 
 fake.rf 1440.00000000 52764.62884241975109489 0.10000 7 
 fake.rf 1440.00000000 52778.70183947100698418 0.10000 7 
 fake.rf 1440.00000000 52792.82624911802479062 0.10000 7 
 fake.rf 1440.00000000 52806.29426542269040468 0.10000 7 
 fake.rf 1440.00000000 52820.81533589680242002 0.10000 7 
 fake.rf 1440.00000000 52834.19187674345638328 0.10000 7 
 fake.rf 1440.00000000 52848.16238863710374574 0.10000 7 
 fake.rf 1440.00000000 52862.69105334310224720 0.10000 7 
 fake.rf 1440.00000000 52876.09855732801471717 0.10000 7 
 fake.rf 1440.00000000 52890.26242360586547164 0.10000 7 
 fake.rf 1440.00000000 52904.37813567725239849 0.10000 7 
 fake.rf 1440.00000000 52918.18919304324310104 0.10000 7 
 fake.rf 1440.00000000 52932.24384950643807812 0.10000 7 
 fake.rf 1440.00000000 52946.38579052352349663 0.10000 7 
 fake.rf 1440.00000000 52959.90844922770374126 0.10000 7 
 fake.rf 1440.00000000 52973.85056073512856045 0.10000 7 
 fake.rf 1440.00000000 52988.14016230149329800 0.10000 7 
 fake.rf 1440.00000000 53002.13446339749403435 0.10000 7 
