FORMAT 1
 fake.rf 1440.00000000 50000.53287978018610715 0.10000 7 
 fake.rf 1440.00000000 50014.34935529497216322 0.10000 7 
 fake.rf 1440.00000000 50027.92714694448277868 0.10000 7 
 fake.rf 1440.00000000 50042.08218349120837232 0.10000 7 
 fake.rf 1440.00000000 50056.27616947412993653 0.10000 7 
 fake.rf 1440.00000000 50070.33736697033286234 0.10000 7 
 fake.rf 1440.00000000 50083.90103456302335871 0.10000 7 
 fake.rf 1440.00000000 50097.92940299283691274 0.10000 7 
 fake.rf 1440.00000000 50112.19837317312591907 0.10000 7 
 fake.rf 1440.00000000 50125.68702795093575730 0.10000 7 
 fake.rf 1440.00000000 50139.80075926017705612 0.10000 7 
 fake.rf 1440.00000000 50153.70238297382897841 0.10000 7 
 fake.rf 1440.00000000 50167.78775418338732806 0.10000 7 
 fake.rf 1440.00000000 50181.98155496794039365 0.10000 7 
 fake.rf 1440.00000000 50195.99440184652095809 0.10000 7 
 fake.rf 1440.00000000 50209.57574210432298756 0.10000 7 
 fake.rf 1440.00000000 50223.94245189281394914 0.10000 7 
 fake.rf 1440.00000000 50237.84792866887615759 0.10000 7 
 fake.rf 1440.00000000 50251.51070249102600229 0.10000 7 
 fake.rf 1440.00000000 50265.21948359207077672 0.10000 7 
 fake.rf 1440.00000000 50279.69185107604598173 0.10000 7 
 fake.rf 1440.00000000 50293.46702161354438942 0.10000 7 
 fake.rf 1440.00000000 50307.37789506079389668 0.10000 7 
 fake.rf 1440.00000000 50321.33753404104294304 0.10000 7 
 fake.rf 1440.00000000 50335.62865470950661972 0.10000 7 
 fake.rf 1440.00000000 50349.63241067564536380 0.10000 7 
 fake.rf 1440.00000000 50363.10555007093607927 0.10000 7 
 fake.rf 1440.00000000 50376.95755551294237407 0.10000 7 
 fake.rf 1440.00000000 50390.94164904996171117 0.10000 7 
 fake.rf 1440.00000000 50405.40928269114733595 0.10000 7 
 fake.rf 1440.00000000 50419.29381529183148913 0.10000 7 
 fake.rf 1440.00000000 50432.77008930790092478 0.10000 7 
 fake.rf 1440.00000000 50447.09242451171237676 0.10000 7 
 fake.rf 1440.00000000 50461.25964156668928240 0.10000 7 
 fake.rf 1440.00000000 50474.92917813695059692 0.10000 7 
 fake.rf 1440.00000000 50488.81705872546917035 0.10000 7 
 fake.rf 1440.00000000 50503.08369927352550732 0.10000 7 
 fake.rf 1440.00000000 50517.02179618361360625 0.10000 7 
 fake.rf 1440.00000000 50530.97627134998878518 0.10000 7 
 fake.rf 1440.00000000 50544.88344143910904194 0.10000 7 
 fake.rf 1440.00000000 50559.01508586511898713 0.10000 7 
 fake.rf 1440.00000000 50572.45485174582028520 0.10000 7 
 fake.rf 1440.00000000 50586.96853830295812671 0.10000 7 
 fake.rf 1440.00000000 50600.55711336589299165 0.10000 7 
 fake.rf 1440.00000000 50614.89557269877422030 0.10000 7 
 fake.rf 1440.00000000 50628.79366554307651072 0.10000 7 
 fake.rf 1440.00000000 50642.66847358705349791 0.10000 7 
 fake.rf 1440.00000000 50656.74520214220614633 0.10000 7 
 fake.rf 1440.00000000 50670.58699780302028515 0.10000 7 
 fake.rf 1440.00000000 50684.16280571684612966 0.10000 7 
 fake.rf 1440.00000000 50698.65320816398905635 0.10000 7 
 fake.rf 1440.00000000 50712.33893069820269517 0.10000 7 
 fake.rf 1440.00000000 50726.39480189547053257 0.10000 7 
 fake.rf 1440.00000000 50740.16763713497898891 0.10000 7 
 fake.rf 1440.00000000 50754.51789135183726032 0.10000 7 
 fake.rf 1440.00000000 50768.23644264466168607 0.10000 7 
 fake.rf 1440.00000000 50782.05125994267742584 0.10000 7 
 fake.rf 1440.00000000 50795.91287965951961425 0.10000 7 
 fake.rf 1440.00000000 50810.18832908503019041 0.10000 7 
 fake.rf 1440.00000000 50824.02546595155762077 0.10000 7 
 fake.rf 1440.00000000 50837.72627871379868125 0.10000 7 
 fake.rf 1440.00000000 50851.92448685796939856 0.10000 7 
 fake.rf 1440.00000000 50865.94279044908282117 0.10000 7 
 fake.rf 1440.00000000 50880.00416450400580715 0.10000 7 
 fake.rf 1440.00000000 50893.74114904478091503 0.10000 7 
 fake.rf 1440.00000000 50907.46721528598266104 0.10000 7 
 fake.rf 1440.00000000 50921.45469607493136621 0.10000 7 
 fake.rf 1440.00000000 50935.49654720748554837 0.10000 7 
 fake.rf 1440.00000000 50949.86560310873551671 0.10000 7 
 fake.rf 1440.00000000 50963.84578507787073320 0.10000 7 
 fake.rf 1440.00000000 50977.83303241629292657 0.10000 7 
 fake.rf 1440.00000000 50991.70529211929189017 0.10000 7 
 fake.rf 1440.00000000 51005.83013268249784389 0.10000 7 
 fake.rf 1440.00000000 51019.70262595087452340 0.10000 7 
 fake.rf 1440.00000000 51033.20168679919500221 0.10000 7 
 fake.rf 1440.00000000 51047.70321282934949991 0.10000 7 
 fake.rf 1440.00000000 51061.51202497070392283 0.10000 7 
 fake.rf 1440.00000000 51075.59078657157161985 0.10000 7 
 fake.rf 1440.00000000 51089.54060055519712336 0.10000 7 
 fake.rf 1440.00000000 51103.22943440113523650 0.10000 7 
 fake.rf 1440.00000000 51116.92223006970401400 0.10000 7 
 fake.rf 1440.00000000 51131.40067251932380188 0.10000 7 
 fake.rf 1440.00000000 51144.81345496323952560 0.10000 7 
 fake.rf 1440.00000000 51159.26701453846704126 0.10000 7 
 fake.rf 1440.00000000 51172.88985168063727116 0.10000 7 
 fake.rf 1440.00000000 51186.69111437737797132 0.10000 7 
 fake.rf 1440.00000000 51200.90145131607060947 0.10000 7 
 fake.rf 1440.00000000 51215.04399847554027048 0.10000 7 
 fake.rf 1440.00000000 51228.74510696873840843 0.10000 7 
 fake.rf 1440.00000000 51242.60245270668976758 0.10000 7 
 fake.rf 1440.00000000 51256.62036280847877379 0.10000 7 
 fake.rf 1440.00000000 51270.72717682871813949 0.10000 7 
 fake.rf 1440.00000000 51284.82095676671145412 0.10000 7 
 fake.rf 1440.00000000 51298.89539654480316244 0.10000 7 
 fake.rf 1440.00000000 51312.43514402486424331 0.10000 7 
 fake.rf 1440.00000000 51326.30413457116183551 0.10000 7 
 fake.rf 1440.00000000 51340.80953329914551020 0.10000 7 
 fake.rf 1440.00000000 51354.37498758871067039 0.10000 7 
 fake.rf 1440.00000000 51368.32405536413167013 0.10000 7 
 fake.rf 1440.00000000 51382.57006940072394841 0.10000 7 
 fake.rf 1440.00000000 51396.15393174021158273 0.10000 7 
 fake.rf 1440.00000000 51410.12847289974073917 0.10000 7 
 fake.rf 1440.00000000 51424.28497272042205068 0.10000 7 
 fake.rf 1440.00000000 51438.03190169434332191 0.10000 7 
 fake.rf 1440.00000000 51452.58382883866761404 0.10000 7 
 fake.rf 1440.00000000 51466.27761557942438486 0.10000 7 
 fake.rf 1440.00000000 51479.89762994822604369 0.10000 7 
 fake.rf 1440.00000000 51494.29659530689941604 0.10000 7 
 fake.rf 1440.00000000 51508.10736976349728167 0.10000 7 
 fake.rf 1440.00000000 51522.38209084473772492 0.10000 7 
 fake.rf 1440.00000000 51535.84144945279892625 0.10000 7 
 fake.rf 1440.00000000 51550.04991223143452928 0.10000 7 
 fake.rf 1440.00000000 51564.17463521120454217 0.10000 7 
 fake.rf 1440.00000000 51577.75166898965718687 0.10000 7 
 fake.rf 1440.00000000 51591.78525075226749763 0.10000 7 
 fake.rf 1440.00000000 51605.57103690180228384 0.10000 7 
 fake.rf 1440.00000000 51619.65422612322926099 0.10000 7 
 fake.rf 1440.00000000 51633.93637093909767088 0.10000 7 
 fake.rf 1440.00000000 51647.90293031361532883 0.10000 7 
 fake.rf 1440.00000000 51661.72545410138548050 0.10000 7 
 fake.rf 1440.00000000 51675.90317072524612385 0.10000 7 
 fake.rf 1440.00000000 51689.92586626713137221 0.10000 7 
 fake.rf 1440.00000000 51703.89343007774666461 0.10000 7 
 fake.rf 1440.00000000 51717.53648606559273659 0.10000 7 
 fake.rf 1440.00000000 51731.67184744804580632 0.10000 7 
 fake.rf 1440.00000000 51745.21738481887106786 0.10000 7 
 fake.rf 1440.00000000 51759.43432408221358898 0.10000 7 
 fake.rf 1440.00000000 51773.44664360235206857 0.10000 7 
 fake.rf 1440.00000000 51787.26252804682983211 0.10000 7 
 fake.rf 1440.00000000 51801.46676113943033215 0.10000 7 
 fake.rf 1440.00000000 51815.09665405256619408 0.10000 7 
 fake.rf 1440.00000000 51829.20129352362474151 0.10000 7 
 fake.rf 1440.00000000 51843.41829387150862019 0.10000 7 
 fake.rf 1440.00000000 51857.24291273139681380 0.10000 7 
 fake.rf 1440.00000000 51871.13270721119451423 0.10000 7 
 fake.rf 1440.00000000 51885.27319411665074966 0.10000 7 
 fake.rf 1440.00000000 51898.82982576384846851 0.10000 7 
 fake.rf 1440.00000000 51913.04452736369454513 0.10000 7 
 fake.rf 1440.00000000 51926.95553901158950438 0.10000 7 
 fake.rf 1440.00000000 51941.02783781342666103 0.10000 7 
 fake.rf 1440.00000000 51954.88881988881683682 0.10000 7 
 fake.rf 1440.00000000 51968.96408290757867832 0.10000 7 
 fake.rf 1440.00000000 51982.61640388774662469 0.10000 7 
 fake.rf 1440.00000000 51996.64033501170632334 0.10000 7 
 fake.rf 1440.00000000 52010.99752450970638051 0.10000 7 
 fake.rf 1440.00000000 52024.72165339216283542 0.10000 7 
 fake.rf 1440.00000000 52038.56959673697183888 0.10000 7 
 fake.rf 1440.00000000 52052.38153484255688852 0.10000 7 
 fake.rf 1440.00000000 52066.42603457428383251 0.10000 7 
 fake.rf 1440.00000000 52080.27876332860907382 0.10000 7 
 fake.rf 1440.00000000 52094.61811800950781759 0.10000 7 
 fake.rf 1440.00000000 52108.21189371415648495 0.10000 7 
 fake.rf 1440.00000000 52122.12554410636694513 0.10000 7 
 fake.rf 1440.00000000 52136.47068868496154082 0.10000 7 
 fake.rf 1440.00000000 52150.41241315240306164 0.10000 7 
 fake.rf 1440.00000000 52164.49965094243864527 0.10000 7 
 fake.rf 1440.00000000 52178.42855894517313331 0.10000 7 
 fake.rf 1440.00000000 52191.95878206652177411 0.10000 7 
 fake.rf 1440.00000000 52206.09656545487775148 0.10000 7 
 fake.rf 1440.00000000 52219.87958395111036580 0.10000 7 
 fake.rf 1440.00000000 52234.31893292040421173 0.10000 7 
 fake.rf 1440.00000000 52248.12483528736888516 0.10000 7 
 fake.rf 1440.00000000 52262.05071933887784041 0.10000 7 
 fake.rf 1440.00000000 52276.07862804732815221 0.10000 7 
 fake.rf 1440.00000000 52289.74737533029483316 0.10000 7 
 fake.rf 1440.00000000 52304.26794662053207219 0.10000 7 
 fake.rf 1440.00000000 52317.80790157774704952 0.10000 7 
 fake.rf 1440.00000000 52331.73817326752634571 0.10000 7 
 fake.rf 1440.00000000 52345.84500556843160268 0.10000 7 
 fake.rf 1440.00000000 52360.00086488592526024 0.10000 7 
 fake.rf 1440.00000000 52374.04166144367520985 0.10000 7 
 fake.rf 1440.00000000 52388.04770188155835342 0.10000 7 
 fake.rf 1440.00000000 52401.65038365451039937 0.10000 7 
 fake.rf 1440.00000000 52415.38172727128278794 0.10000 7 
 fake.rf 1440.00000000 52429.44992488342286308 0.10000 7 
 fake.rf 1440.00000000 52443.44802220414782568 0.10000 7 
 fake.rf 1440.00000000 52457.60838746324030524 0.10000 7 
 fake.rf 1440.00000000 52471.56275449990489079 0.10000 7 
 fake.rf 1440.00000000 52485.41101602645218804 0.10000 7 
 fake.rf 1440.00000000 52499.65410699730454169 0.10000 7 
 fake.rf 1440.00000000 52513.49942887468859354 0.10000 7 
 fake.rf 1440.00000000 52527.05860446340065550 0.10000 7 
 fake.rf 1440.00000000 52541.60036389900990983 0.10000 7 
 fake.rf 1440.00000000 52555.39756218752239292 0.10000 7 
 fake.rf 1440.00000000 52569.34010843553364722 0.10000 7 
 fake.rf 1440.00000000 52583.19515175544658803 0.10000 7 
 fake.rf 1440.00000000 52597.11781390919661305 0.10000 7 
 fake.rf 1440.00000000 52611.02749426307822489 0.10000 7 
 fake.rf 1440.00000000 52625.11765338269112746 0.10000 7 
 fake.rf 1440.00000000 52639.21632500001410548 0.10000 7 
 fake.rf 1440.00000000 52652.94724996517365767 0.10000 7 
 fake.rf 1440.00000000 52666.84831742981256753 0.10000 7 
 fake.rf 1440.00000000 52680.79111749174254697 0.10000 7 
 fake.rf 1440.00000000 52695.15281924190078300 0.10000 7 
 fake.rf 1440.00000000 52709.12002142087533940 0.10000 7 
 fake.rf 1440.00000000 52722.76979485389336233 0.10000 7 
 fake.rf 1440.00000000 52737.02362730411268288 0.10000 7 
 fake.rf 1440.00000000 52750.56901055486265406 0.10000 7 
 fake.rf 1440.00000000 52764.85394834715766876 0.10000 7 
 fake.rf 1440.00000000 52778.58617248735077254 0.10000 7 
 fake.rf 1440.00000000 52792.32564114532421939 0.10000 7 
 fake.rf 1440.00000000 52806.68960159469292037 0.10000 7 
 fake.rf 1440.00000000 52820.46609226022163242 0.10000 7 
 fake.rf 1440.00000000 52834.51313538574869710 0.10000 7 
 fake.rf 1440.00000000 52848.64666549926282713 0.10000 7 
 fake.rf 1440.00000000 52862.52957988021871216 0.10000 7 
 fake.rf 1440.00000000 52876.61294638217719566 0.10000 7 
 fake.rf 1440.00000000 52890.27840113276704415 0.10000 7 
 fake.rf 1440.00000000 52904.15390855557873806 0.10000 7 
 fake.rf 1440.00000000 52918.12376268425114745 0.10000 7 
 fake.rf 1440.00000000 52932.07053449498775421 0.10000 7 
 fake.rf 1440.00000000 52946.49625654940363972 0.10000 7 
 fake.rf 1440.00000000 52960.06351230851213074 0.10000 7 
 fake.rf 1440.00000000 52973.92360301983626769 0.10000 7 
 fake.rf 1440.00000000 52988.18474936154829891 0.10000 7 
 fake.rf 1440.00000000 53001.73277746681499067 0.10000 7 
