FORMAT 1
 fake.rf 1440.00000000 50000.42111755965481024 0.10000 7 
 fake.rf 1440.00000000 50013.97648549012251351 0.10000 7 
 fake.rf 1440.00000000 50028.13908669740033375 0.10000 7 
 fake.rf 1440.00000000 50042.02083196342315574 0.10000 7 
 fake.rf 1440.00000000 50056.37976418396836209 0.10000 7 
 fake.rf 1440.00000000 50070.31151635429253588 0.10000 7 
 fake.rf 1440.00000000 50084.13255525108651511 0.10000 7 
 fake.rf 1440.00000000 50097.80584683057416484 0.10000 7 
 fake.rf 1440.00000000 50112.13752694909847207 0.10000 7 
 fake.rf 1440.00000000 50125.96399401804784191 0.10000 7 
 fake.rf 1440.00000000 50139.99195188014372704 0.10000 7 
 fake.rf 1440.00000000 50153.94902369590887403 0.10000 7 
 fake.rf 1440.00000000 50168.02576675205892798 0.10000 7 
 fake.rf 1440.00000000 50181.71022180954162195 0.10000 7 
 fake.rf 1440.00000000 50195.43774394047816045 0.10000 7 
 fake.rf 1440.00000000 50209.95884842405424919 0.10000 7 
 fake.rf 1440.00000000 50223.37882328392277742 0.10000 7 
 fake.rf 1440.00000000 50237.58772869801422800 0.10000 7 
 fake.rf 1440.00000000 50251.52743574665480608 0.10000 7 
 fake.rf 1440.00000000 50265.78583348829884869 0.10000 7 
 fake.rf 1440.00000000 50279.24921265862380082 0.10000 7 
 fake.rf 1440.00000000 50293.31051226919504771 0.10000 7 
 fake.rf 1440.00000000 50307.27259091003898561 0.10000 7 
 fake.rf 1440.00000000 50321.31637018255498717 0.10000 7 
 fake.rf 1440.00000000 50335.38574994623113312 0.10000 7 
 fake.rf 1440.00000000 50349.33282652094420939 0.10000 7 
 fake.rf 1440.00000000 50363.17388724357959262 0.10000 7 
 fake.rf 1440.00000000 50377.51541555755861168 0.10000 7 
 fake.rf 1440.00000000 50391.36080881479720617 0.10000 7 
 fake.rf 1440.00000000 50404.83457536539490107 0.10000 7 
 fake.rf 1440.00000000 50419.42902440292914434 0.10000 7 
 fake.rf 1440.00000000 50433.06600382394049831 0.10000 7 
 fake.rf 1440.00000000 50446.80003106113737843 0.10000 7 
 fake.rf 1440.00000000 50460.92864068838975200 0.10000 7 
 fake.rf 1440.00000000 50475.15225811674808654 0.10000 7 
 fake.rf 1440.00000000 50488.61677698324697516 0.10000 7 
 fake.rf 1440.00000000 50502.71536494663309469 0.10000 7 
 fake.rf 1440.00000000 50516.79824717759106889 0.10000 7 
 fake.rf 1440.00000000 50530.64095046988433069 0.10000 7 
 fake.rf 1440.00000000 50545.10944446154235976 0.10000 7 
 fake.rf 1440.00000000 50559.05701996846884683 0.10000 7 
 fake.rf 1440.00000000 50572.96590705352395290 0.10000 7 
 fake.rf 1440.00000000 50586.76303237111212141 0.10000 7 
 fake.rf 1440.00000000 50600.82557701978641518 0.10000 7 
 fake.rf 1440.00000000 50614.45714525247975502 0.10000 7 
 fake.rf 1440.00000000 50628.68668534905626544 0.10000 7 
 fake.rf 1440.00000000 50642.64189393436946673 0.10000 7 
 fake.rf 1440.00000000 50656.39832971791561889 0.10000 7 
 fake.rf 1440.00000000 50670.20833470145400312 0.10000 7 
 fake.rf 1440.00000000 50684.14147631421603535 0.10000 7 
 fake.rf 1440.00000000 50698.19453599773193631 0.10000 7 
 fake.rf 1440.00000000 50712.17281280451719994 0.10000 7 
 fake.rf 1440.00000000 50726.20548006651065975 0.10000 7 
 fake.rf 1440.00000000 50740.25884442563820542 0.10000 7 
 fake.rf 1440.00000000 50754.31912670093107209 0.10000 7 
 fake.rf 1440.00000000 50768.45939985120709892 0.10000 7 
 fake.rf 1440.00000000 50781.83140007976166785 0.10000 7 
 fake.rf 1440.00000000 50795.77096921207892777 0.10000 7 
 fake.rf 1440.00000000 50810.29099658018483510 0.10000 7 
 fake.rf 1440.00000000 50824.21328291209893990 0.10000 7 
 fake.rf 1440.00000000 50837.66484463289160090 0.10000 7 
 fake.rf 1440.00000000 50852.15088055918740295 0.10000 7 
 fake.rf 1440.00000000 50865.74837223619610072 0.10000 7 
 fake.rf 1440.00000000 50879.63885397762524221 0.10000 7 
 fake.rf 1440.00000000 50893.62505891697781735 0.10000 7 
 fake.rf 1440.00000000 50907.48439404349855764 0.10000 7 
 fake.rf 1440.00000000 50921.54428733723855061 0.10000 7 
 fake.rf 1440.00000000 50935.66730634945535172 0.10000 7 
 fake.rf 1440.00000000 50949.64774986915263710 0.10000 7 
 fake.rf 1440.00000000 50963.58857247377081023 0.10000 7 
 fake.rf 1440.00000000 50977.55164497464398465 0.10000 7 
 fake.rf 1440.00000000 50991.51788998513159257 0.10000 7 
 fake.rf 1440.00000000 51005.40582579149361919 0.10000 7 
 fake.rf 1440.00000000 51019.20424962876125363 0.10000 7 
 fake.rf 1440.00000000 51033.27126532617045740 0.10000 7 
 fake.rf 1440.00000000 51047.49566208498815456 0.10000 7 
 fake.rf 1440.00000000 51061.56185211411556324 0.10000 7 
 fake.rf 1440.00000000 51075.62230246408649847 0.10000 7 
 fake.rf 1440.00000000 51088.97469450340529207 0.10000 7 
 fake.rf 1440.00000000 51103.55578219304805643 0.10000 7 
 fake.rf 1440.00000000 51116.92093343005234019 0.10000 7 
 fake.rf 1440.00000000 51131.03127794852351684 0.10000 7 
 fake.rf 1440.00000000 51144.96220186198689106 0.10000 7 
 fake.rf 1440.00000000 51159.06491316810731718 0.10000 7 
 fake.rf 1440.00000000 51173.26684810718253615 0.10000 7 
 fake.rf 1440.00000000 51187.29628031621653506 0.10000 7 
 fake.rf 1440.00000000 51200.91082413307439936 0.10000 7 
 fake.rf 1440.00000000 51215.18965201429794476 0.10000 7 
 fake.rf 1440.00000000 51229.19687953016804371 0.10000 7 
 fake.rf 1440.00000000 51242.70301007897175083 0.10000 7 
 fake.rf 1440.00000000 51256.94235030820749088 0.10000 7 
 fake.rf 1440.00000000 51271.10603224151693524 0.10000 7 
 fake.rf 1440.00000000 51284.46975817017896659 0.10000 7 
 fake.rf 1440.00000000 51299.01148285004879313 0.10000 7 
 fake.rf 1440.00000000 51312.43720590031205120 0.10000 7 
 fake.rf 1440.00000000 51326.49202950534244394 0.10000 7 
 fake.rf 1440.00000000 51340.93131543366691716 0.10000 7 
 fake.rf 1440.00000000 51354.45515774750651872 0.10000 7 
 fake.rf 1440.00000000 51368.67122650778001258 0.10000 7 
 fake.rf 1440.00000000 51382.46251527037773599 0.10000 7 
 fake.rf 1440.00000000 51396.63207296131868418 0.10000 7 
 fake.rf 1440.00000000 51410.18277355367046866 0.10000 7 
 fake.rf 1440.00000000 51424.64520009777723075 0.10000 7 
 fake.rf 1440.00000000 51438.07425298169833638 0.10000 7 
 fake.rf 1440.00000000 51452.12827019523363603 0.10000 7 
 fake.rf 1440.00000000 51466.02927189137546193 0.10000 7 
 fake.rf 1440.00000000 51480.38761427985770780 0.10000 7 
 fake.rf 1440.00000000 51493.87938080997319190 0.10000 7 
 fake.rf 1440.00000000 51507.87905892749226666 0.10000 7 
 fake.rf 1440.00000000 51522.29468609411479818 0.10000 7 
 fake.rf 1440.00000000 51535.73909970968309580 0.10000 7 
 fake.rf 1440.00000000 51549.80882185128550432 0.10000 7 
 fake.rf 1440.00000000 51563.70635291292538582 0.10000 7 
 fake.rf 1440.00000000 51577.78658320624663602 0.10000 7 
 fake.rf 1440.00000000 51591.99724270070193910 0.10000 7 
 fake.rf 1440.00000000 51606.13493473683147528 0.10000 7 
 fake.rf 1440.00000000 51619.61615670907849918 0.10000 7 
 fake.rf 1440.00000000 51633.47958599835387972 0.10000 7 
 fake.rf 1440.00000000 51647.93433200111524428 0.10000 7 
 fake.rf 1440.00000000 51661.46100758464652714 0.10000 7 
 fake.rf 1440.00000000 51675.53546016300814969 0.10000 7 
 fake.rf 1440.00000000 51689.60110580198955788 0.10000 7 
 fake.rf 1440.00000000 51703.32968930310765998 0.10000 7 
 fake.rf 1440.00000000 51717.47276058331549820 0.10000 7 
 fake.rf 1440.00000000 51731.45169034428067079 0.10000 7 
 fake.rf 1440.00000000 51745.31088960077650185 0.10000 7 
 fake.rf 1440.00000000 51759.54701054924222348 0.10000 7 
 fake.rf 1440.00000000 51773.33678555668977594 0.10000 7 
 fake.rf 1440.00000000 51787.42471996957663549 0.10000 7 
 fake.rf 1440.00000000 51801.24846895117955725 0.10000 7 
 fake.rf 1440.00000000 51815.53442564486821809 0.10000 7 
 fake.rf 1440.00000000 51829.16347702535788500 0.10000 7 
 fake.rf 1440.00000000 51843.24281939074063885 0.10000 7 
 fake.rf 1440.00000000 51857.36276195938193112 0.10000 7 
 fake.rf 1440.00000000 51871.12575903314252201 0.10000 7 
 fake.rf 1440.00000000 51885.29734465919174369 0.10000 7 
 fake.rf 1440.00000000 51899.35651506212488115 0.10000 7 
 fake.rf 1440.00000000 51912.84941385586493467 0.10000 7 
 fake.rf 1440.00000000 51927.21765870941473509 0.10000 7 
 fake.rf 1440.00000000 51940.64806658149972307 0.10000 7 
 fake.rf 1440.00000000 51954.59481864650602745 0.10000 7 
 fake.rf 1440.00000000 51969.11236998532877962 0.10000 7 
 fake.rf 1440.00000000 51982.65072604062704897 0.10000 7 
 fake.rf 1440.00000000 51996.53323514854988829 0.10000 7 
 fake.rf 1440.00000000 52010.50257615018347224 0.10000 7 
 fake.rf 1440.00000000 52024.95648448467107272 0.10000 7 
 fake.rf 1440.00000000 52039.01491165509054682 0.10000 7 
 fake.rf 1440.00000000 52052.50370076600146518 0.10000 7 
 fake.rf 1440.00000000 52066.85926443307822353 0.10000 7 
 fake.rf 1440.00000000 52080.74399702570966397 0.10000 7 
 fake.rf 1440.00000000 52094.46435436554348541 0.10000 7 
 fake.rf 1440.00000000 52108.26593003612970989 0.10000 7 
 fake.rf 1440.00000000 52122.25453433321375840 0.10000 7 
 fake.rf 1440.00000000 52136.40836793331213173 0.10000 7 
 fake.rf 1440.00000000 52150.39124094672659382 0.10000 7 
 fake.rf 1440.00000000 52164.39700101636307039 0.10000 7 
 fake.rf 1440.00000000 52178.44826002236594320 0.10000 7 
 fake.rf 1440.00000000 52192.03881327970776383 0.10000 7 
 fake.rf 1440.00000000 52206.53924122567167743 0.10000 7 
 fake.rf 1440.00000000 52220.04999389533290000 0.10000 7 
 fake.rf 1440.00000000 52234.16918893367909149 0.10000 7 
 fake.rf 1440.00000000 52248.32713295680231980 0.10000 7 
 fake.rf 1440.00000000 52262.17182981987452095 0.10000 7 
 fake.rf 1440.00000000 52275.74192657196534029 0.10000 7 
 fake.rf 1440.00000000 52290.05803923108834752 0.10000 7 
 fake.rf 1440.00000000 52303.70395926191799418 0.10000 7 
 fake.rf 1440.00000000 52318.15053439088999809 0.10000 7 
 fake.rf 1440.00000000 52331.89737683094620735 0.10000 7 
 fake.rf 1440.00000000 52345.74108840536806042 0.10000 7 
 fake.rf 1440.00000000 52359.92746775488975786 0.10000 7 
 fake.rf 1440.00000000 52373.80961086104500168 0.10000 7 
 fake.rf 1440.00000000 52387.63830052718760655 0.10000 7 
 fake.rf 1440.00000000 52401.71379057104181953 0.10000 7 
 fake.rf 1440.00000000 52415.83918243575283213 0.10000 7 
 fake.rf 1440.00000000 52429.58860736413994630 0.10000 7 
 fake.rf 1440.00000000 52443.67166442050764630 0.10000 7 
 fake.rf 1440.00000000 52457.62252402086966896 0.10000 7 
 fake.rf 1440.00000000 52471.46860222265633311 0.10000 7 
 fake.rf 1440.00000000 52485.74534107648731052 0.10000 7 
 fake.rf 1440.00000000 52499.42332378082002720 0.10000 7 
 fake.rf 1440.00000000 52513.19236059334247457 0.10000 7 
 fake.rf 1440.00000000 52527.22768294018437274 0.10000 7 
 fake.rf 1440.00000000 52541.41213397950925312 0.10000 7 
 fake.rf 1440.00000000 52555.20800121257878246 0.10000 7 
 fake.rf 1440.00000000 52569.43538316605896910 0.10000 7 
 fake.rf 1440.00000000 52582.97426661729025810 0.10000 7 
 fake.rf 1440.00000000 52597.48078671929986072 0.10000 7 
 fake.rf 1440.00000000 52611.13098696114101216 0.10000 7 
 fake.rf 1440.00000000 52624.96531646203332855 0.10000 7 
 fake.rf 1440.00000000 52639.34382385710523167 0.10000 7 
 fake.rf 1440.00000000 52653.20966961092752356 0.10000 7 
 fake.rf 1440.00000000 52667.20142017665457956 0.10000 7 
 fake.rf 1440.00000000 52681.10943099016514068 0.10000 7 
 fake.rf 1440.00000000 52694.85819971896502523 0.10000 7 
 fake.rf 1440.00000000 52709.12493983928108676 0.10000 7 
 fake.rf 1440.00000000 52722.72062267478878184 0.10000 7 
 fake.rf 1440.00000000 52736.82020412470944493 0.10000 7 
 fake.rf 1440.00000000 52750.90507865794494435 0.10000 7 
 fake.rf 1440.00000000 52764.95249676427716423 0.10000 7 
 fake.rf 1440.00000000 52778.93401588551746073 0.10000 7 
 fake.rf 1440.00000000 52792.57682912812103027 0.10000 7 
 fake.rf 1440.00000000 52806.54461641685549722 0.10000 7 
 fake.rf 1440.00000000 52820.39305122189821873 0.10000 7 
 fake.rf 1440.00000000 52834.81624727881214909 0.10000 7 
 fake.rf 1440.00000000 52848.28098587148803844 0.10000 7 
 fake.rf 1440.00000000 52862.58373827715052684 0.10000 7 
 fake.rf 1440.00000000 52876.46155079668938725 0.10000 7 
 fake.rf 1440.00000000 52890.58204166474379804 0.10000 7 
 fake.rf 1440.00000000 52904.10243172512096521 0.10000 7 
 fake.rf 1440.00000000 52918.29520922120998350 0.10000 7 
 fake.rf 1440.00000000 52932.13190884265735292 0.10000 7 
 fake.rf 1440.00000000 52946.12622839203975289 0.10000 7 
 fake.rf 1440.00000000 52960.39255436815557943 0.10000 7 
 fake.rf 1440.00000000 52974.45193104740306111 0.10000 7 
 fake.rf 1440.00000000 52988.28034387735085176 0.10000 7 
 fake.rf 1440.00000000 53002.14561119286430824 0.10000 7 
