FORMAT 1
 fake.rf 1440.00000000 50000.08718823525658337 0.10000 7 
 fake.rf 1440.00000000 50014.49954839935299233 0.10000 7 
 fake.rf 1440.00000000 50027.95677203234869523 0.10000 7 
 fake.rf 1440.00000000 50042.46229816516154898 0.10000 7 
 fake.rf 1440.00000000 50056.28264529693520757 0.10000 7 
 fake.rf 1440.00000000 50070.03407394195230395 0.10000 7 
 fake.rf 1440.00000000 50083.81239389800474981 0.10000 7 
 fake.rf 1440.00000000 50097.80497997076278338 0.10000 7 
 fake.rf 1440.00000000 50111.72184154901657749 0.10000 7 
 fake.rf 1440.00000000 50125.61604764241989329 0.10000 7 
 fake.rf 1440.00000000 50139.72600255733115304 0.10000 7 
 fake.rf 1440.00000000 50153.69755420797370249 0.10000 7 
 fake.rf 1440.00000000 50167.80113757910608285 0.10000 7 
 fake.rf 1440.00000000 50181.64924652611800227 0.10000 7 
 fake.rf 1440.00000000 50195.68285172083989210 0.10000 7 
 fake.rf 1440.00000000 50209.60344470225846436 0.10000 7 
 fake.rf 1440.00000000 50223.43333121860306534 0.10000 7 
 fake.rf 1440.00000000 50237.93851951501457265 0.10000 7 
 fake.rf 1440.00000000 50251.49539845195464594 0.10000 7 
 fake.rf 1440.00000000 50265.56144620059123795 0.10000 7 
 fake.rf 1440.00000000 50279.69611056704267327 0.10000 7 
 fake.rf 1440.00000000 50293.44859521547680359 0.10000 7 
 fake.rf 1440.00000000 50307.23008791850156740 0.10000 7 
 fake.rf 1440.00000000 50321.34857632373976699 0.10000 7 
 fake.rf 1440.00000000 50335.57925468569991523 0.10000 7 
 fake.rf 1440.00000000 50349.16769439657945995 0.10000 7 
 fake.rf 1440.00000000 50363.44708229863684679 0.10000 7 
 fake.rf 1440.00000000 50377.48313163290489314 0.10000 7 
 fake.rf 1440.00000000 50391.42239514576285941 0.10000 7 
 fake.rf 1440.00000000 50404.87735810577890305 0.10000 7 
 fake.rf 1440.00000000 50419.09254447855564507 0.10000 7 
 fake.rf 1440.00000000 50432.78773140277967002 0.10000 7 
 fake.rf 1440.00000000 50447.35994732161289278 0.10000 7 
 fake.rf 1440.00000000 50461.07058338114451601 0.10000 7 
 fake.rf 1440.00000000 50474.64285588767648250 0.10000 7 
 fake.rf 1440.00000000 50489.07364489301270893 0.10000 7 
 fake.rf 1440.00000000 50502.57393567344386653 0.10000 7 
 fake.rf 1440.00000000 50516.62942093760561946 0.10000 7 
 fake.rf 1440.00000000 50531.09102214757245264 0.10000 7 
 fake.rf 1440.00000000 50544.54640047224771848 0.10000 7 
 fake.rf 1440.00000000 50558.53431791196320333 0.10000 7 
 fake.rf 1440.00000000 50572.47743336504091971 0.10000 7 
 fake.rf 1440.00000000 50586.60925613010854462 0.10000 7 
 fake.rf 1440.00000000 50600.73898300770926539 0.10000 7 
 fake.rf 1440.00000000 50614.56843347432007363 0.10000 7 
 fake.rf 1440.00000000 50628.77208754243350697 0.10000 7 
 fake.rf 1440.00000000 50642.19396668220851510 0.10000 7 
 fake.rf 1440.00000000 50656.55819645728772826 0.10000 7 
 fake.rf 1440.00000000 50670.63859820950618484 0.10000 7 
 fake.rf 1440.00000000 50684.32224905105012880 0.10000 7 
 fake.rf 1440.00000000 50698.12408598021880124 0.10000 7 
 fake.rf 1440.00000000 50712.37737822823972422 0.10000 7 
 fake.rf 1440.00000000 50726.51840644520297730 0.10000 7 
 fake.rf 1440.00000000 50740.13996205245941340 0.10000 7 
 fake.rf 1440.00000000 50753.88330214267468321 0.10000 7 
 fake.rf 1440.00000000 50768.29323471845704319 0.10000 7 
 fake.rf 1440.00000000 50782.20812285332392477 0.10000 7 
 fake.rf 1440.00000000 50796.26907683613472955 0.10000 7 
 fake.rf 1440.00000000 50810.08661821982001783 0.10000 7 
 fake.rf 1440.00000000 50823.97899587696186430 0.10000 7 
 fake.rf 1440.00000000 50838.19980563435051124 0.10000 7 
 fake.rf 1440.00000000 50852.27075937542699791 0.10000 7 
 fake.rf 1440.00000000 50865.89655011701211507 0.10000 7 
 fake.rf 1440.00000000 50880.06113509520049831 0.10000 7 
 fake.rf 1440.00000000 50893.88095098113794279 0.10000 7 
 fake.rf 1440.00000000 50907.78390695243697550 0.10000 7 
 fake.rf 1440.00000000 50921.75084040982686417 0.10000 7 
 fake.rf 1440.00000000 50935.77583974869328998 0.10000 7 
 fake.rf 1440.00000000 50949.77250707546073016 0.10000 7 
 fake.rf 1440.00000000 50963.57260116108738046 0.10000 7 
 fake.rf 1440.00000000 50977.75787155500761827 0.10000 7 
 fake.rf 1440.00000000 50991.78068236195359475 0.10000 7 
 fake.rf 1440.00000000 51005.56211795187150315 0.10000 7 
 fake.rf 1440.00000000 51019.25077057336904574 0.10000 7 
 fake.rf 1440.00000000 51033.44153424457083190 0.10000 7 
 fake.rf 1440.00000000 51047.09064639591972323 0.10000 7 
 fake.rf 1440.00000000 51061.68784577821302761 0.10000 7 
 fake.rf 1440.00000000 51075.33871472809926928 0.10000 7 
 fake.rf 1440.00000000 51089.39028275105938093 0.10000 7 
 fake.rf 1440.00000000 51103.43944326588646376 0.10000 7 
 fake.rf 1440.00000000 51117.47885577242435673 0.10000 7 
 fake.rf 1440.00000000 51131.37048676361201771 0.10000 7 
 fake.rf 1440.00000000 51145.04449893214469469 0.10000 7 
 fake.rf 1440.00000000 51159.26316571063827965 0.10000 7 
 fake.rf 1440.00000000 51172.81457837519177900 0.10000 7 
 fake.rf 1440.00000000 51186.93682338207543836 0.10000 7 
 fake.rf 1440.00000000 51200.93698219017601758 0.10000 7 
 fake.rf 1440.00000000 51215.10817565471894497 0.10000 7 
 fake.rf 1440.00000000 51228.66293402202029128 0.10000 7 
 fake.rf 1440.00000000 51243.18552698101287035 0.10000 7 
 fake.rf 1440.00000000 51256.62065755535420308 0.10000 7 
 fake.rf 1440.00000000 51271.10111839195444361 0.10000 7 
 fake.rf 1440.00000000 51285.06622447669800380 0.10000 7 
 fake.rf 1440.00000000 51298.83203850631368681 0.10000 7 
 fake.rf 1440.00000000 51312.84864372470577365 0.10000 7 
 fake.rf 1440.00000000 51326.67179179825946989 0.10000 7 
 fake.rf 1440.00000000 51340.37878787956156046 0.10000 7 
 fake.rf 1440.00000000 51354.40055260352705702 0.10000 7 
 fake.rf 1440.00000000 51368.28692602446798077 0.10000 7 
 fake.rf 1440.00000000 51382.69548219417742629 0.10000 7 
 fake.rf 1440.00000000 51396.55556707304015163 0.10000 7 
 fake.rf 1440.00000000 51410.66543700101004788 0.10000 7 
 fake.rf 1440.00000000 51424.46836329095092566 0.10000 7 
 fake.rf 1440.00000000 51438.14810981100519882 0.10000 7 
 fake.rf 1440.00000000 51451.98485845386844417 0.10000 7 
 fake.rf 1440.00000000 51466.01677454827981961 0.10000 7 
 fake.rf 1440.00000000 51480.05052593635236846 0.10000 7 
 fake.rf 1440.00000000 51493.85603331432417562 0.10000 7 
 fake.rf 1440.00000000 51508.24371108355704862 0.10000 7 
 fake.rf 1440.00000000 51522.36725655496132248 0.10000 7 
 fake.rf 1440.00000000 51536.26015056950130599 0.10000 7 
 fake.rf 1440.00000000 51550.05880030796980762 0.10000 7 
 fake.rf 1440.00000000 51564.11220276296293008 0.10000 7 
 fake.rf 1440.00000000 51577.71733503141157584 0.10000 7 
 fake.rf 1440.00000000 51591.77287760332870548 0.10000 7 
 fake.rf 1440.00000000 51606.08258547537084482 0.10000 7 
 fake.rf 1440.00000000 51619.84818874001688371 0.10000 7 
 fake.rf 1440.00000000 51633.94211622536388973 0.10000 7 
 fake.rf 1440.00000000 51647.79457697279977424 0.10000 7 
 fake.rf 1440.00000000 51661.81983134513557943 0.10000 7 
 fake.rf 1440.00000000 51675.80791113847934426 0.10000 7 
 fake.rf 1440.00000000 51689.80039523881046293 0.10000 7 
 fake.rf 1440.00000000 51703.67766984119653273 0.10000 7 
 fake.rf 1440.00000000 51717.66908182491122403 0.10000 7 
 fake.rf 1440.00000000 51731.46560599644966416 0.10000 7 
 fake.rf 1440.00000000 51745.39771188238017885 0.10000 7 
 fake.rf 1440.00000000 51759.25049796041852801 0.10000 7 
 fake.rf 1440.00000000 51773.45891100699779841 0.10000 7 
 fake.rf 1440.00000000 51787.45100760445344434 0.10000 7 
 fake.rf 1440.00000000 51801.22839319831459903 0.10000 7 
 fake.rf 1440.00000000 51815.21692180514041226 0.10000 7 
 fake.rf 1440.00000000 51829.10732939054776836 0.10000 7 
 fake.rf 1440.00000000 51843.03281099647514907 0.10000 7 
 fake.rf 1440.00000000 51856.86249196286351193 0.10000 7 
 fake.rf 1440.00000000 51871.13753880126776963 0.10000 7 
 fake.rf 1440.00000000 51884.93799501887296088 0.10000 7 
 fake.rf 1440.00000000 51898.83781817936444369 0.10000 7 
 fake.rf 1440.00000000 51913.18484249648722795 0.10000 7 
 fake.rf 1440.00000000 51926.82903219685054097 0.10000 7 
 fake.rf 1440.00000000 51941.15475917600074141 0.10000 7 
 fake.rf 1440.00000000 51954.99688840458247796 0.10000 7 
 fake.rf 1440.00000000 51968.57219813765214411 0.10000 7 
 fake.rf 1440.00000000 51982.73480094901632498 0.10000 7 
 fake.rf 1440.00000000 51996.66855869471610063 0.10000 7 
 fake.rf 1440.00000000 52010.55389338621043649 0.10000 7 
 fake.rf 1440.00000000 52024.81026483096770363 0.10000 7 
 fake.rf 1440.00000000 52038.42528985938775321 0.10000 7 
 fake.rf 1440.00000000 52052.78112052842928392 0.10000 7 
 fake.rf 1440.00000000 52066.50297891866818389 0.10000 7 
 fake.rf 1440.00000000 52080.67535740441807945 0.10000 7 
 fake.rf 1440.00000000 52094.42800187368833775 0.10000 7 
 fake.rf 1440.00000000 52108.17616612436475876 0.10000 7 
 fake.rf 1440.00000000 52122.37925473665519860 0.10000 7 
 fake.rf 1440.00000000 52136.71406649987987336 0.10000 7 
 fake.rf 1440.00000000 52150.49186880748927564 0.10000 7 
 fake.rf 1440.00000000 52164.52970776899183747 0.10000 7 
 fake.rf 1440.00000000 52178.16818475595281157 0.10000 7 
 fake.rf 1440.00000000 52192.50366585730561297 0.10000 7 
 fake.rf 1440.00000000 52206.12147725084003014 0.10000 7 
 fake.rf 1440.00000000 52220.45694364853564196 0.10000 7 
 fake.rf 1440.00000000 52233.94136969654198310 0.10000 7 
 fake.rf 1440.00000000 52248.25260245962428129 0.10000 7 
 fake.rf 1440.00000000 52261.85003578829348214 0.10000 7 
 fake.rf 1440.00000000 52275.96483618653315162 0.10000 7 
 fake.rf 1440.00000000 52290.14397595092350457 0.10000 7 
 fake.rf 1440.00000000 52304.05468221843443999 0.10000 7 
 fake.rf 1440.00000000 52318.00816491478128256 0.10000 7 
 fake.rf 1440.00000000 52332.12535391894189374 0.10000 7 
 fake.rf 1440.00000000 52345.75464388539547400 0.10000 7 
 fake.rf 1440.00000000 52360.05720901545486612 0.10000 7 
 fake.rf 1440.00000000 52373.87168447049140596 0.10000 7 
 fake.rf 1440.00000000 52388.04799632708808232 0.10000 7 
 fake.rf 1440.00000000 52401.96409725443221461 0.10000 7 
 fake.rf 1440.00000000 52415.97940152367258193 0.10000 7 
 fake.rf 1440.00000000 52429.46103053879852141 0.10000 7 
 fake.rf 1440.00000000 52443.30069228271579718 0.10000 7 
 fake.rf 1440.00000000 52457.61059408513236946 0.10000 7 
 fake.rf 1440.00000000 52471.41214083602571350 0.10000 7 
 fake.rf 1440.00000000 52485.64585934866322248 0.10000 7 
 fake.rf 1440.00000000 52499.71584556240257768 0.10000 7 
 fake.rf 1440.00000000 52513.06133019411252150 0.10000 7 
 fake.rf 1440.00000000 52527.08591925694243585 0.10000 7 
 fake.rf 1440.00000000 52541.60896240913097088 0.10000 7 
 fake.rf 1440.00000000 52555.19576183106581979 0.10000 7 
 fake.rf 1440.00000000 52568.92672198854872789 0.10000 7 
 fake.rf 1440.00000000 52583.26579350526442269 0.10000 7 
 fake.rf 1440.00000000 52596.92865795030852283 0.10000 7 
 fake.rf 1440.00000000 52611.00298788026802299 0.10000 7 
 fake.rf 1440.00000000 52625.04909982311090388 0.10000 7 
 fake.rf 1440.00000000 52639.03466836667114492 0.10000 7 
 fake.rf 1440.00000000 52652.81602408852068820 0.10000 7 
 fake.rf 1440.00000000 52667.05145489955492977 0.10000 7 
 fake.rf 1440.00000000 52680.71981561926939364 0.10000 7 
 fake.rf 1440.00000000 52694.80349735940536959 0.10000 7 
 fake.rf 1440.00000000 52708.52528800261381292 0.10000 7 
 fake.rf 1440.00000000 52723.07768121036222198 0.10000 7 
 fake.rf 1440.00000000 52737.11029528159093616 0.10000 7 
 fake.rf 1440.00000000 52750.82379464044937833 0.10000 7 
 fake.rf 1440.00000000 52764.86493629457573817 0.10000 7 
 fake.rf 1440.00000000 52778.56506635366039148 0.10000 7 
 fake.rf 1440.00000000 52792.61935701282758870 0.10000 7 
 fake.rf 1440.00000000 52806.51320014144538462 0.10000 7 
 fake.rf 1440.00000000 52820.42786810199933001 0.10000 7 
 fake.rf 1440.00000000 52834.43648572833940236 0.10000 7 
 fake.rf 1440.00000000 52848.38385925949117805 0.10000 7 
 fake.rf 1440.00000000 52862.48504897249358692 0.10000 7 
 fake.rf 1440.00000000 52876.37155444095694889 0.10000 7 
 fake.rf 1440.00000000 52890.66705574613639840 0.10000 7 
 fake.rf 1440.00000000 52904.60801836827844724 0.10000 7 
 fake.rf 1440.00000000 52918.09980167808615548 0.10000 7 
 fake.rf 1440.00000000 52932.50351525340274605 0.10000 7 
 fake.rf 1440.00000000 52946.49485528193849859 0.10000 7 
 fake.rf 1440.00000000 52960.04945366619165981 0.10000 7 
 fake.rf 1440.00000000 52974.34776985870539079 0.10000 7 
 fake.rf 1440.00000000 52987.96413531417957543 0.10000 7 
 fake.rf 1440.00000000 53001.95458659282777703 0.10000 7 
