FORMAT 1
 fake.rf 1440.00000000 50000.04061879585032457 0.10000 7 
 fake.rf 1440.00000000 50014.41377786316046894 0.10000 7 
 fake.rf 1440.00000000 50027.96747152025530170 0.10000 7 
 fake.rf 1440.00000000 50042.14317987891645600 0.10000 7 
 fake.rf 1440.00000000 50056.26640578154145089 0.10000 7 
 fake.rf 1440.00000000 50070.39083795717242253 0.10000 7 
 fake.rf 1440.00000000 50083.92985627483507827 0.10000 7 
 fake.rf 1440.00000000 50097.99931908385601886 0.10000 7 
 fake.rf 1440.00000000 50111.91074601546033307 0.10000 7 
 fake.rf 1440.00000000 50125.75473044837379888 0.10000 7 
 fake.rf 1440.00000000 50140.12476889899422261 0.10000 7 
 fake.rf 1440.00000000 50154.17400329463228914 0.10000 7 
 fake.rf 1440.00000000 50168.14108833487460970 0.10000 7 
 fake.rf 1440.00000000 50181.93010430167471370 0.10000 7 
 fake.rf 1440.00000000 50195.99908388157365735 0.10000 7 
 fake.rf 1440.00000000 50209.64720824617587169 0.10000 7 
 fake.rf 1440.00000000 50223.44223757968010702 0.10000 7 
 fake.rf 1440.00000000 50237.39787801005926227 0.10000 7 
 fake.rf 1440.00000000 50251.50742447654970135 0.10000 7 
 fake.rf 1440.00000000 50265.47208511389646901 0.10000 7 
 fake.rf 1440.00000000 50279.76870412761589435 0.10000 7 
 fake.rf 1440.00000000 50293.79428915369867070 0.10000 7 
 fake.rf 1440.00000000 50307.25100004745925730 0.10000 7 
 fake.rf 1440.00000000 50321.10623515601367117 0.10000 7 
 fake.rf 1440.00000000 50335.36282375736621830 0.10000 7 
 fake.rf 1440.00000000 50349.36112699599938836 0.10000 7 
 fake.rf 1440.00000000 50363.24890777952042242 0.10000 7 
 fake.rf 1440.00000000 50377.14338170833595498 0.10000 7 
 fake.rf 1440.00000000 50391.23928770607944827 0.10000 7 
 fake.rf 1440.00000000 50404.99370742360447295 0.10000 7 
 fake.rf 1440.00000000 50418.79167466888216609 0.10000 7 
 fake.rf 1440.00000000 50433.22895961835271805 0.10000 7 
 fake.rf 1440.00000000 50446.72809780244533684 0.10000 7 
 fake.rf 1440.00000000 50460.78465146838759381 0.10000 7 
 fake.rf 1440.00000000 50474.76920412245598513 0.10000 7 
 fake.rf 1440.00000000 50489.09646093614349383 0.10000 7 
 fake.rf 1440.00000000 50502.64900616112975129 0.10000 7 
 fake.rf 1440.00000000 50516.87746988969389861 0.10000 7 
 fake.rf 1440.00000000 50530.64574893124345323 0.10000 7 
 fake.rf 1440.00000000 50544.81461382664240745 0.10000 7 
 fake.rf 1440.00000000 50558.92528799843724840 0.10000 7 
 fake.rf 1440.00000000 50572.43516498265384129 0.10000 7 
 fake.rf 1440.00000000 50586.69149031997012500 0.10000 7 
 fake.rf 1440.00000000 50600.80747560546441832 0.10000 7 
 fake.rf 1440.00000000 50614.81126126042457969 0.10000 7 
 fake.rf 1440.00000000 50628.50812558227180915 0.10000 7 
 fake.rf 1440.00000000 50642.31046130534666005 0.10000 7 
 fake.rf 1440.00000000 50656.14750229483055932 0.10000 7 
 fake.rf 1440.00000000 50670.50489983815436545 0.10000 7 
 fake.rf 1440.00000000 50684.45500808049849084 0.10000 7 
 fake.rf 1440.00000000 50698.29493576425731405 0.10000 7 
 fake.rf 1440.00000000 50712.32051169237344013 0.10000 7 
 fake.rf 1440.00000000 50726.33443111784088586 0.10000 7 
 fake.rf 1440.00000000 50740.33596240028098023 0.10000 7 
 fake.rf 1440.00000000 50754.25499953596147407 0.10000 7 
 fake.rf 1440.00000000 50767.89706692138786792 0.10000 7 
 fake.rf 1440.00000000 50781.93512751898134994 0.10000 7 
 fake.rf 1440.00000000 50795.78017144187263554 0.10000 7 
 fake.rf 1440.00000000 50810.02160552896699741 0.10000 7 
 fake.rf 1440.00000000 50824.19379816449557907 0.10000 7 
 fake.rf 1440.00000000 50837.83148791890016227 0.10000 7 
 fake.rf 1440.00000000 50851.90911525352017009 0.10000 7 
 fake.rf 1440.00000000 50865.89015230094127062 0.10000 7 
 fake.rf 1440.00000000 50879.73187292765725331 0.10000 7 
 fake.rf 1440.00000000 50893.90428000867536795 0.10000 7 
 fake.rf 1440.00000000 50907.90809574811015281 0.10000 7 
 fake.rf 1440.00000000 50921.44863263326487868 0.10000 7 
 fake.rf 1440.00000000 50935.87847771342402936 0.10000 7 
 fake.rf 1440.00000000 50949.48231654175205918 0.10000 7 
 fake.rf 1440.00000000 50963.49602521694642832 0.10000 7 
 fake.rf 1440.00000000 50977.46629458294474802 0.10000 7 
 fake.rf 1440.00000000 50991.88570026152845216 0.10000 7 
 fake.rf 1440.00000000 51005.44751198808032200 0.10000 7 
 fake.rf 1440.00000000 51019.71233280005862554 0.10000 7 
 fake.rf 1440.00000000 51033.61928314316871891 0.10000 7 
 fake.rf 1440.00000000 51047.22310664113127743 0.10000 7 
 fake.rf 1440.00000000 51061.22301778461800126 0.10000 7 
 fake.rf 1440.00000000 51075.63719662858603598 0.10000 7 
 fake.rf 1440.00000000 51089.11628715395723788 0.10000 7 
 fake.rf 1440.00000000 51103.51182186726804346 0.10000 7 
 fake.rf 1440.00000000 51117.24766841380390048 0.10000 7 
 fake.rf 1440.00000000 51131.27157940061372443 0.10000 7 
 fake.rf 1440.00000000 51145.06424941661339290 0.10000 7 
 fake.rf 1440.00000000 51158.85224138906854563 0.10000 7 
 fake.rf 1440.00000000 51172.91590977942236051 0.10000 7 
 fake.rf 1440.00000000 51187.33250963833258496 0.10000 7 
 fake.rf 1440.00000000 51200.80079508227484197 0.10000 7 
 fake.rf 1440.00000000 51214.94075013113057437 0.10000 7 
 fake.rf 1440.00000000 51228.57395331805373928 0.10000 7 
 fake.rf 1440.00000000 51242.98856556661943173 0.10000 7 
 fake.rf 1440.00000000 51256.67227265257995938 0.10000 7 
 fake.rf 1440.00000000 51270.64805834981282473 0.10000 7 
 fake.rf 1440.00000000 51284.51185733206187578 0.10000 7 
 fake.rf 1440.00000000 51298.88149418799552848 0.10000 7 
 fake.rf 1440.00000000 51312.73722653765397439 0.10000 7 
 fake.rf 1440.00000000 51326.81165869070501273 0.10000 7 
 fake.rf 1440.00000000 51340.55667065065432908 0.10000 7 
 fake.rf 1440.00000000 51354.65783269707921477 0.10000 7 
 fake.rf 1440.00000000 51368.53366935933056681 0.10000 7 
 fake.rf 1440.00000000 51382.58741282823805463 0.10000 7 
 fake.rf 1440.00000000 51396.74050961735549592 0.10000 7 
 fake.rf 1440.00000000 51410.62484166017123854 0.10000 7 
 fake.rf 1440.00000000 51424.46955027517823922 0.10000 7 
 fake.rf 1440.00000000 51438.22268480724789441 0.10000 7 
 fake.rf 1440.00000000 51452.41006374182494199 0.10000 7 
 fake.rf 1440.00000000 51466.19994879353799533 0.10000 7 
 fake.rf 1440.00000000 51480.26179953853678839 0.10000 7 
 fake.rf 1440.00000000 51494.48731565844624924 0.10000 7 
 fake.rf 1440.00000000 51508.06293896566055324 0.10000 7 
 fake.rf 1440.00000000 51522.30877304108830828 0.10000 7 
 fake.rf 1440.00000000 51536.30138327581255808 0.10000 7 
 fake.rf 1440.00000000 51550.31774582181336797 0.10000 7 
 fake.rf 1440.00000000 51563.95905020287607812 0.10000 7 
 fake.rf 1440.00000000 51577.78255662159961403 0.10000 7 
 fake.rf 1440.00000000 51591.62513721293473523 0.10000 7 
 fake.rf 1440.00000000 51606.03500266021018561 0.10000 7 
 fake.rf 1440.00000000 51619.64666837129254517 0.10000 7 
 fake.rf 1440.00000000 51633.66242710179114539 0.10000 7 
 fake.rf 1440.00000000 51647.58380705119189713 0.10000 7 
 fake.rf 1440.00000000 51661.53356865379420526 0.10000 7 
 fake.rf 1440.00000000 51676.00216566988467903 0.10000 7 
 fake.rf 1440.00000000 51689.64547877583966340 0.10000 7 
 fake.rf 1440.00000000 51703.60925210891597459 0.10000 7 
 fake.rf 1440.00000000 51717.31320750294450050 0.10000 7 
 fake.rf 1440.00000000 51731.36438360368037692 0.10000 7 
 fake.rf 1440.00000000 51745.22211533326010624 0.10000 7 
 fake.rf 1440.00000000 51759.70539567792202718 0.10000 7 
 fake.rf 1440.00000000 51773.53980978399769697 0.10000 7 
 fake.rf 1440.00000000 51787.53692960624034569 0.10000 7 
 fake.rf 1440.00000000 51801.26760593134133970 0.10000 7 
 fake.rf 1440.00000000 51815.19398960112794938 0.10000 7 
 fake.rf 1440.00000000 51829.38243224020130029 0.10000 7 
 fake.rf 1440.00000000 51843.03566677353258640 0.10000 7 
 fake.rf 1440.00000000 51857.51165175703193100 0.10000 7 
 fake.rf 1440.00000000 51870.82478840712617085 0.10000 7 
 fake.rf 1440.00000000 51885.37029457384720388 0.10000 7 
 fake.rf 1440.00000000 51899.00772397698174743 0.10000 7 
 fake.rf 1440.00000000 51913.08760410675210650 0.10000 7 
 fake.rf 1440.00000000 51927.23018582205425275 0.10000 7 
 fake.rf 1440.00000000 51941.14813127509474810 0.10000 7 
 fake.rf 1440.00000000 51954.84540476382791496 0.10000 7 
 fake.rf 1440.00000000 51969.01882285423322472 0.10000 7 
 fake.rf 1440.00000000 51982.99135691679527582 0.10000 7 
 fake.rf 1440.00000000 51997.03482758299878341 0.10000 7 
 fake.rf 1440.00000000 52011.06997805380038713 0.10000 7 
 fake.rf 1440.00000000 52024.92331879779546355 0.10000 7 
 fake.rf 1440.00000000 52038.74821434478735682 0.10000 7 
 fake.rf 1440.00000000 52052.43325661302198881 0.10000 7 
 fake.rf 1440.00000000 52066.34058214805492781 0.10000 7 
 fake.rf 1440.00000000 52080.79175030661812684 0.10000 7 
 fake.rf 1440.00000000 52094.46478023482920960 0.10000 7 
 fake.rf 1440.00000000 52108.21226223361335883 0.10000 7 
 fake.rf 1440.00000000 52122.34496962965542721 0.10000 7 
 fake.rf 1440.00000000 52136.68666556985168725 0.10000 7 
 fake.rf 1440.00000000 52150.17632906072676491 0.10000 7 
 fake.rf 1440.00000000 52164.39843854043436622 0.10000 7 
 fake.rf 1440.00000000 52178.63609238862449757 0.10000 7 
 fake.rf 1440.00000000 52191.98059554873633559 0.10000 7 
 fake.rf 1440.00000000 52206.07534520074382911 0.10000 7 
 fake.rf 1440.00000000 52220.34834490868793111 0.10000 7 
 fake.rf 1440.00000000 52234.12841715871317305 0.10000 7 
 fake.rf 1440.00000000 52248.18777653783339687 0.10000 7 
 fake.rf 1440.00000000 52262.02077834346116703 0.10000 7 
 fake.rf 1440.00000000 52276.15897787629212701 0.10000 7 
 fake.rf 1440.00000000 52290.06588156797198863 0.10000 7 
 fake.rf 1440.00000000 52303.91691275503454150 0.10000 7 
 fake.rf 1440.00000000 52317.97217782982487932 0.10000 7 
 fake.rf 1440.00000000 52331.55473704671067736 0.10000 7 
 fake.rf 1440.00000000 52345.52387440086805981 0.10000 7 
 fake.rf 1440.00000000 52359.75994728962209379 0.10000 7 
 fake.rf 1440.00000000 52373.96534467274699054 0.10000 7 
 fake.rf 1440.00000000 52387.66998158860523560 0.10000 7 
 fake.rf 1440.00000000 52401.45103194059288754 0.10000 7 
 fake.rf 1440.00000000 52415.66718952608710325 0.10000 7 
 fake.rf 1440.00000000 52429.45352307378434986 0.10000 7 
 fake.rf 1440.00000000 52443.30795006862427954 0.10000 7 
 fake.rf 1440.00000000 52457.41567439603804601 0.10000 7 
 fake.rf 1440.00000000 52471.73179626357561389 0.10000 7 
 fake.rf 1440.00000000 52485.30949149131649278 0.10000 7 
 fake.rf 1440.00000000 52499.36276749525585572 0.10000 7 
 fake.rf 1440.00000000 52513.50161690099822565 0.10000 7 
 fake.rf 1440.00000000 52527.45723485651588547 0.10000 7 
 fake.rf 1440.00000000 52541.29621885901774903 0.10000 7 
 fake.rf 1440.00000000 52555.60600173834331628 0.10000 7 
 fake.rf 1440.00000000 52569.27487505385669664 0.10000 7 
 fake.rf 1440.00000000 52583.30841527579770300 0.10000 7 
 fake.rf 1440.00000000 52597.21186705656025140 0.10000 7 
 fake.rf 1440.00000000 52611.15662023371719869 0.10000 7 
 fake.rf 1440.00000000 52625.23955633402990273 0.10000 7 
 fake.rf 1440.00000000 52639.27598386208310188 0.10000 7 
 fake.rf 1440.00000000 52652.86529618871316316 0.10000 7 
 fake.rf 1440.00000000 52666.76653057136659086 0.10000 7 
 fake.rf 1440.00000000 52680.90054350966406105 0.10000 7 
 fake.rf 1440.00000000 52695.02775039674436286 0.10000 7 
 fake.rf 1440.00000000 52709.10541038795273039 0.10000 7 
 fake.rf 1440.00000000 52722.51788644363526259 0.10000 7 
 fake.rf 1440.00000000 52736.53435054953006045 0.10000 7 
 fake.rf 1440.00000000 52750.70550170062703899 0.10000 7 
 fake.rf 1440.00000000 52764.40542971165072927 0.10000 7 
 fake.rf 1440.00000000 52778.42925717340604308 0.10000 7 
 fake.rf 1440.00000000 52792.87470735317120329 0.10000 7 
 fake.rf 1440.00000000 52806.81825883574658675 0.10000 7 
 fake.rf 1440.00000000 52820.58494925231748951 0.10000 7 
 fake.rf 1440.00000000 52834.18300918380640496 0.10000 7 
 fake.rf 1440.00000000 52848.38094428064902175 0.10000 7 
 fake.rf 1440.00000000 52862.63886101775177906 0.10000 7 
 fake.rf 1440.00000000 52876.12957394596801564 0.10000 7 
 fake.rf 1440.00000000 52890.47345955543922358 0.10000 7 
 fake.rf 1440.00000000 52904.41905747812906924 0.10000 7 
 fake.rf 1440.00000000 52918.19235843332189262 0.10000 7 
 fake.rf 1440.00000000 52931.96107936780945380 0.10000 7 
 fake.rf 1440.00000000 52946.08375277740429965 0.10000 7 
 fake.rf 1440.00000000 52959.85089775795005451 0.10000 7 
 fake.rf 1440.00000000 52974.16349547683657306 0.10000 7 
 fake.rf 1440.00000000 52987.96751117838038425 0.10000 7 
 fake.rf 1440.00000000 53002.10842212652233130 0.10000 7 
