FORMAT 1
MODE 1
 fake.rf 1440.00000000 50000.78643623630500059 0.10000 7 
 fake.rf 1440.00000000 50014.45100698154616836 0.10000 7 
 fake.rf 1440.00000000 50028.67192508834449427 0.10000 7 
 fake.rf 1440.00000000 50042.64392622683202916 0.10000 7 
 fake.rf 1440.00000000 50056.68117175291164145 0.10000 7 
 fake.rf 1440.00000000 50070.16688166292092887 0.10000 7 
 fake.rf 1440.00000000 50084.22043651913793738 0.10000 7 
 fake.rf 1440.00000000 50098.47088171656866962 0.10000 7 
 fake.rf 1440.00000000 50112.10568567634226511 0.10000 7 
 fake.rf 1440.00000000 50126.25158977831856788 0.10000 7 
 fake.rf 1440.00000000 50140.16231512973791240 0.10000 7 
 fake.rf 1440.00000000 50154.22507163494903182 0.10000 7 
 fake.rf 1440.00000000 50168.01078795733912941 0.10000 7 
 fake.rf 1440.00000000 50182.07163951836879079 0.10000 7 
 fake.rf 1440.00000000 50196.32596596612697581 0.10000 7 
 fake.rf 1440.00000000 50210.26371682371314265 0.10000 7 
 fake.rf 1440.00000000 50224.03850183122136741 0.10000 7 
 fake.rf 1440.00000000 50238.05466591649954822 0.10000 7 
 fake.rf 1440.00000000 50251.63264357654882630 0.10000 7 
 fake.rf 1440.00000000 50265.90466173064321609 0.10000 7 
 fake.rf 1440.00000000 50279.47265682020855238 0.10000 7 
 fake.rf 1440.00000000 50293.58548823160630548 0.10000 7 
 fake.rf 1440.00000000 50307.47682537173250950 0.10000 7 
 fake.rf 1440.00000000 50321.88322942554569295 0.10000 7 
 fake.rf 1440.00000000 50335.41333820997398973 0.10000 7 
 fake.rf 1440.00000000 50349.53795567116341303 0.10000 7 
 fake.rf 1440.00000000 50363.31896030747862625 0.10000 7 
 fake.rf 1440.00000000 50377.26674649167670594 0.10000 7 
 fake.rf 1440.00000000 50391.82193089015806464 0.10000 7 
 fake.rf 1440.00000000 50405.26325979104870711 0.10000 7 
 fake.rf 1440.00000000 50419.42148401518763734 0.10000 7 
 fake.rf 1440.00000000 50433.60071120822562563 0.10000 7 
 fake.rf 1440.00000000 50447.41150353853106481 0.10000 7 
 fake.rf 1440.00000000 50461.16220532808305776 0.10000 7 
 fake.rf 1440.00000000 50475.35165966705126550 0.10000 7 
 fake.rf 1440.00000000 50489.23792353820319434 0.10000 7 
 fake.rf 1440.00000000 50503.17922801375896924 0.10000 7 
 fake.rf 1440.00000000 50517.46046331442214949 0.10000 7 
 fake.rf 1440.00000000 50530.96873176539230954 0.10000 7 
 fake.rf 1440.00000000 50545.24973297835155250 0.10000 7 
 fake.rf 1440.00000000 50559.04843173297383530 0.10000 7 
 fake.rf 1440.00000000 50573.17231823410098102 0.10000 7 
 fake.rf 1440.00000000 50586.88763539346592069 0.10000 7 
 fake.rf 1440.00000000 50601.17694321804818358 0.10000 7 
 fake.rf 1440.00000000 50614.73324067216040589 0.10000 7 
 fake.rf 1440.00000000 50628.74111034456691982 0.10000 7 
 fake.rf 1440.00000000 50643.00639505755190939 0.10000 7 
 fake.rf 1440.00000000 50657.04237027163913965 0.10000 7 
 fake.rf 1440.00000000 50670.43796343067830179 0.10000 7 
 fake.rf 1440.00000000 50684.98611857736459640 0.10000 7 
 fake.rf 1440.00000000 50698.66567135483107975 0.10000 7 
 fake.rf 1440.00000000 50712.33415228449915801 0.10000 7 
 fake.rf 1440.00000000 50726.36669820581264290 0.10000 7 
 fake.rf 1440.00000000 50740.64248083570694803 0.10000 7 
 fake.rf 1440.00000000 50754.75559190422204736 0.10000 7 
 fake.rf 1440.00000000 50768.35647274939989160 0.10000 7 
 fake.rf 1440.00000000 50782.12843227370812471 0.10000 7 
 fake.rf 1440.00000000 50796.06077402479716909 0.10000 7 
 fake.rf 1440.00000000 50810.31433370072608469 0.10000 7 
 fake.rf 1440.00000000 50824.01303705307142522 0.10000 7 
 fake.rf 1440.00000000 50838.09160038110000102 0.10000 7 
 fake.rf 1440.00000000 50852.54161045107307970 0.10000 7 
 fake.rf 1440.00000000 50866.45776701211821447 0.10000 7 
 fake.rf 1440.00000000 50880.38534873217773580 0.10000 7 
 fake.rf 1440.00000000 50893.95761997692497047 0.10000 7 
 fake.rf 1440.00000000 50908.10145700740027408 0.10000 7 
 fake.rf 1440.00000000 50921.95352871240232417 0.10000 7 
 fake.rf 1440.00000000 50936.17199709855578504 0.10000 7 
 fake.rf 1440.00000000 50949.96862881347799146 0.10000 7 
 fake.rf 1440.00000000 50964.03386167778915805 0.10000 7 
 fake.rf 1440.00000000 50977.90489072282221272 0.10000 7 
 fake.rf 1440.00000000 50991.53844727921136837 0.10000 7 
 fake.rf 1440.00000000 51005.76579270484506523 0.10000 7 
 fake.rf 1440.00000000 51020.05703160076716784 0.10000 7 
 fake.rf 1440.00000000 51034.01812205427098590 0.10000 7 
 fake.rf 1440.00000000 51047.83999101715560798 0.10000 7 
 fake.rf 1440.00000000 51061.51065899631058542 0.10000 7 
 fake.rf 1440.00000000 51075.77526020407949403 0.10000 7 
 fake.rf 1440.00000000 51089.67133045430743721 0.10000 7 
 fake.rf 1440.00000000 51103.44248426904564298 0.10000 7 
 fake.rf 1440.00000000 51117.62680001459363055 0.10000 7 
 fake.rf 1440.00000000 51131.24064914600088372 0.10000 7 
 fake.rf 1440.00000000 51145.38517665945763824 0.10000 7 
 fake.rf 1440.00000000 51159.64026438289311827 0.10000 7 
 fake.rf 1440.00000000 51173.56812222149050839 0.10000 7 
 fake.rf 1440.00000000 51187.19732019926494360 0.10000 7 
 fake.rf 1440.00000000 51201.09151484698447021 0.10000 7 
 fake.rf 1440.00000000 51215.49622494040610121 0.10000 7 
 fake.rf 1440.00000000 51229.09599068763857943 0.10000 7 
 fake.rf 1440.00000000 51243.28197110159645433 0.10000 7 
 fake.rf 1440.00000000 51257.42361061694359492 0.10000 7 
 fake.rf 1440.00000000 51271.14016581951218043 0.10000 7 
 fake.rf 1440.00000000 51285.14771564612678745 0.10000 7 
 fake.rf 1440.00000000 51299.24373779903585557 0.10000 7 
 fake.rf 1440.00000000 51312.92610079438287229 0.10000 7 
 fake.rf 1440.00000000 51327.21081462310315757 0.10000 7 
 fake.rf 1440.00000000 51340.82223313091453676 0.10000 7 
 fake.rf 1440.00000000 51355.06156057426688832 0.10000 7 
 fake.rf 1440.00000000 51368.93630224903472481 0.10000 7 
 fake.rf 1440.00000000 51383.04924518731809258 0.10000 7 
 fake.rf 1440.00000000 51396.72536487270191685 0.10000 7 
 fake.rf 1440.00000000 51410.50936169016548050 0.10000 7 
 fake.rf 1440.00000000 51424.96075387759660913 0.10000 7 
 fake.rf 1440.00000000 51438.90244510003573453 0.10000 7 
 fake.rf 1440.00000000 51452.34924018049446204 0.10000 7 
 fake.rf 1440.00000000 51466.79994888647393125 0.10000 7 
 fake.rf 1440.00000000 51480.60173509335613673 0.10000 7 
 fake.rf 1440.00000000 51494.42409091554200984 0.10000 7 
 fake.rf 1440.00000000 51508.51096025482979712 0.10000 7 
 fake.rf 1440.00000000 51522.24704278323348916 0.10000 7 
 fake.rf 1440.00000000 51536.54544514980197789 0.10000 7 
 fake.rf 1440.00000000 51550.18818963710123526 0.10000 7 
 fake.rf 1440.00000000 51564.24301404741623500 0.10000 7 
 fake.rf 1440.00000000 51578.05750332553702009 0.10000 7 
 fake.rf 1440.00000000 51591.99356159090665486 0.10000 7 
 fake.rf 1440.00000000 51606.01446989384560737 0.10000 7 
 fake.rf 1440.00000000 51620.16304988254453079 0.10000 7 
 fake.rf 1440.00000000 51634.03152883036841558 0.10000 7 
 fake.rf 1440.00000000 51647.82870661569022630 0.10000 7 
 fake.rf 1440.00000000 51662.28194511313312631 0.10000 7 
 fake.rf 1440.00000000 51675.70796388833308654 0.10000 7 
 fake.rf 1440.00000000 51689.68500727182911092 0.10000 7 
 fake.rf 1440.00000000 51703.89302702570799397 0.10000 7 
 fake.rf 1440.00000000 51718.03148838827956268 0.10000 7 
 fake.rf 1440.00000000 51732.14277994773048164 0.10000 7 
 fake.rf 1440.00000000 51746.07138878659142733 0.10000 7 
 fake.rf 1440.00000000 51759.86612340238092145 0.10000 7 
 fake.rf 1440.00000000 51773.62705955033163363 0.10000 7 
 fake.rf 1440.00000000 51787.83322184917379616 0.10000 7 
 fake.rf 1440.00000000 51801.54092422313607358 0.10000 7 
 fake.rf 1440.00000000 51815.45302935524237853 0.10000 7 
 fake.rf 1440.00000000 51829.37353740405899671 0.10000 7 
 fake.rf 1440.00000000 51843.57012929940185941 0.10000 7 
 fake.rf 1440.00000000 51857.30518607935204756 0.10000 7 
 fake.rf 1440.00000000 51871.20561137822873121 0.10000 7 
 fake.rf 1440.00000000 51885.55389112106126959 0.10000 7 
 fake.rf 1440.00000000 51899.11121601056893127 0.10000 7 
 fake.rf 1440.00000000 51913.51832022006807676 0.10000 7 
 fake.rf 1440.00000000 51927.06051517737442325 0.10000 7 
 fake.rf 1440.00000000 51941.40960212412414165 0.10000 7 
 fake.rf 1440.00000000 51954.92434829651138628 0.10000 7 
 fake.rf 1440.00000000 51969.46983839972200059 0.10000 7 
 fake.rf 1440.00000000 51982.83322917726870216 0.10000 7 
 fake.rf 1440.00000000 51997.10769251045072181 0.10000 7 
 fake.rf 1440.00000000 52010.83923129686503017 0.10000 7 
 fake.rf 1440.00000000 52024.84357300586763984 0.10000 7 
 fake.rf 1440.00000000 52039.17717073463483857 0.10000 7 
 fake.rf 1440.00000000 52053.09551560856816721 0.10000 7 
 fake.rf 1440.00000000 52067.00656235208415978 0.10000 7 
 fake.rf 1440.00000000 52081.17556392961931166 0.10000 7 
 fake.rf 1440.00000000 52094.91870669302446117 0.10000 7 
 fake.rf 1440.00000000 52108.96066496077543206 0.10000 7 
 fake.rf 1440.00000000 52122.47826928555990733 0.10000 7 
 fake.rf 1440.00000000 52136.46765786363666351 0.10000 7 
 fake.rf 1440.00000000 52150.68630353742701544 0.10000 7 
 fake.rf 1440.00000000 52164.35342555733490499 0.10000 7 
 fake.rf 1440.00000000 52178.30964900684600138 0.10000 7 
 fake.rf 1440.00000000 52192.36125536730893870 0.10000 7 
 fake.rf 1440.00000000 52206.49420625505798554 0.10000 7 
 fake.rf 1440.00000000 52220.69481804017983606 0.10000 7 
 fake.rf 1440.00000000 52234.49235289017866180 0.10000 7 
 fake.rf 1440.00000000 52248.57563492595671661 0.10000 7 
 fake.rf 1440.00000000 52262.06831419544671036 0.10000 7 
 fake.rf 1440.00000000 52276.10066699051201766 0.10000 7 
 fake.rf 1440.00000000 52290.62389858842113455 0.10000 7 
 fake.rf 1440.00000000 52304.05522921648821111 0.10000 7 
 fake.rf 1440.00000000 52318.47408782213441114 0.10000 7 
 fake.rf 1440.00000000 52331.92620361252870609 0.10000 7 
 fake.rf 1440.00000000 52346.46953126424390135 0.10000 7 
 fake.rf 1440.00000000 52359.80214423235074506 0.10000 7 
 fake.rf 1440.00000000 52374.30823970881611373 0.10000 7 
 fake.rf 1440.00000000 52387.73787289514319454 0.10000 7 
 fake.rf 1440.00000000 52401.65420204321022268 0.10000 7 
 fake.rf 1440.00000000 52416.22858103167723343 0.10000 7 
 fake.rf 1440.00000000 52429.97090365721445693 0.10000 7 
 fake.rf 1440.00000000 52443.65699760860309553 0.10000 7 
 fake.rf 1440.00000000 52457.60727770037807005 0.10000 7 
 fake.rf 1440.00000000 52471.72142415362053924 0.10000 7 
 fake.rf 1440.00000000 52486.03075568668165474 0.10000 7 
 fake.rf 1440.00000000 52499.93030862317818119 0.10000 7 
 fake.rf 1440.00000000 52513.58501600726939174 0.10000 7 
 fake.rf 1440.00000000 52527.67571638041263427 0.10000 7 
 fake.rf 1440.00000000 52541.65545366426050222 0.10000 7 
 fake.rf 1440.00000000 52555.53265813542498464 0.10000 7 
 fake.rf 1440.00000000 52569.65097312017978837 0.10000 7 
 fake.rf 1440.00000000 52583.22091549208412786 0.10000 7 
 fake.rf 1440.00000000 52597.47013468600885133 0.10000 7 
 fake.rf 1440.00000000 52611.58289922314845555 0.10000 7 
 fake.rf 1440.00000000 52625.24267400345673451 0.10000 7 
 fake.rf 1440.00000000 52639.66307015507677391 0.10000 7 
 fake.rf 1440.00000000 52653.34800585392416394 0.10000 7 
 fake.rf 1440.00000000 52667.51020821852635478 0.10000 7 
 fake.rf 1440.00000000 52681.38544582569930697 0.10000 7 
 fake.rf 1440.00000000 52695.26795354744466948 0.10000 7 
 fake.rf 1440.00000000 52708.83406810011240751 0.10000 7 
 fake.rf 1440.00000000 52723.27076338446126158 0.10000 7 
 fake.rf 1440.00000000 52737.28949442520336177 0.10000 7 
 fake.rf 1440.00000000 52751.31269366462576897 0.10000 7 
 fake.rf 1440.00000000 52765.23973082373943200 0.10000 7 
 fake.rf 1440.00000000 52779.17334889606895487 0.10000 7 
 fake.rf 1440.00000000 52793.23405389532954501 0.10000 7 
 fake.rf 1440.00000000 52807.03874588287884251 0.10000 7 
 fake.rf 1440.00000000 52821.10688989663402992 0.10000 7 
 fake.rf 1440.00000000 52835.12215011038641777 0.10000 7 
 fake.rf 1440.00000000 52848.87278040849713179 0.10000 7 
 fake.rf 1440.00000000 52862.72147311293739946 0.10000 7 
 fake.rf 1440.00000000 52876.46105336900734173 0.10000 7 
 fake.rf 1440.00000000 52890.86685655330752098 0.10000 7 
 fake.rf 1440.00000000 52904.86792178307302237 0.10000 7 
 fake.rf 1440.00000000 52918.28839297483847659 0.10000 7 
 fake.rf 1440.00000000 52932.63197514030078139 0.10000 7 
 fake.rf 1440.00000000 52946.32597380174022916 0.10000 7 
 fake.rf 1440.00000000 52960.54203811457381690 0.10000 7 
 fake.rf 1440.00000000 52974.23691691934373438 0.10000 7 
 fake.rf 1440.00000000 52988.51301285744161618 0.10000 7 
 fake.rf 1440.00000000 53002.21895155935182231 0.10000 7 
