FORMAT 1
MODE 1
 fake.rf 1440.00000000 50000.52025181759792716 0.10000 7 
 fake.rf 1440.00000000 50014.41712634958722461 0.10000 7 
 fake.rf 1440.00000000 50028.27405562489265023 0.10000 7 
 fake.rf 1440.00000000 50042.60843705252914759 0.10000 7 
 fake.rf 1440.00000000 50056.29726712735560312 0.10000 7 
 fake.rf 1440.00000000 50070.54402485356913743 0.10000 7 
 fake.rf 1440.00000000 50084.41216804929523576 0.10000 7 
 fake.rf 1440.00000000 50098.68112845354381690 0.10000 7 
 fake.rf 1440.00000000 50112.18195326026932079 0.10000 7 
 fake.rf 1440.00000000 50126.32110376415604236 0.10000 7 
 fake.rf 1440.00000000 50140.39831885424791835 0.10000 7 
 fake.rf 1440.00000000 50153.95610076723457382 0.10000 7 
 fake.rf 1440.00000000 50168.15667661087053375 0.10000 7 
 fake.rf 1440.00000000 50182.19915487292775680 0.10000 7 
 fake.rf 1440.00000000 50196.39544757842995182 0.10000 7 
 fake.rf 1440.00000000 50210.02828781823182069 0.10000 7 
 fake.rf 1440.00000000 50223.91368413900459799 0.10000 7 
 fake.rf 1440.00000000 50238.21634695580988961 0.10000 7 
 fake.rf 1440.00000000 50251.90267344482274936 0.10000 7 
 fake.rf 1440.00000000 50265.57692617491205311 0.10000 7 
 fake.rf 1440.00000000 50279.76650777011511551 0.10000 7 
 fake.rf 1440.00000000 50293.89730727150169898 0.10000 7 
 fake.rf 1440.00000000 50308.01558919092303768 0.10000 7 
 fake.rf 1440.00000000 50321.57779538850982348 0.10000 7 
 fake.rf 1440.00000000 50335.83395884744421522 0.10000 7 
 fake.rf 1440.00000000 50349.66738230216295591 0.10000 7 
 fake.rf 1440.00000000 50363.62847994652261718 0.10000 7 
 fake.rf 1440.00000000 50377.47226711900664853 0.10000 7 
 fake.rf 1440.00000000 50391.70546209502650825 0.10000 7 
 fake.rf 1440.00000000 50405.31421505021814511 0.10000 7 
 fake.rf 1440.00000000 50419.56883366875731411 0.10000 7 
 fake.rf 1440.00000000 50433.14330194064325141 0.10000 7 
 fake.rf 1440.00000000 50447.35382214667517786 0.10000 7 
 fake.rf 1440.00000000 50461.50359610969583457 0.10000 7 
 fake.rf 1440.00000000 50475.45067186523002789 0.10000 7 
 fake.rf 1440.00000000 50489.38824823488047144 0.10000 7 
 fake.rf 1440.00000000 50503.15633930014192998 0.10000 7 
 fake.rf 1440.00000000 50517.00978430370941652 0.10000 7 
 fake.rf 1440.00000000 50531.25454717269897031 0.10000 7 
 fake.rf 1440.00000000 50545.22835578561366177 0.10000 7 
 fake.rf 1440.00000000 50559.25917736394963242 0.10000 7 
 fake.rf 1440.00000000 50572.95271468029805817 0.10000 7 
 fake.rf 1440.00000000 50587.18919795736460543 0.10000 7 
 fake.rf 1440.00000000 50600.79215478274661777 0.10000 7 
 fake.rf 1440.00000000 50615.23306309429170469 0.10000 7 
 fake.rf 1440.00000000 50629.03739847479142355 0.10000 7 
 fake.rf 1440.00000000 50642.97808829199083291 0.10000 7 
 fake.rf 1440.00000000 50656.67595230499559733 0.10000 7 
 fake.rf 1440.00000000 50670.82117657928985821 0.10000 7 
 fake.rf 1440.00000000 50684.48641895129492951 0.10000 7 
 fake.rf 1440.00000000 50698.56342841521251330 0.10000 7 
 fake.rf 1440.00000000 50712.93646035325339838 0.10000 7 
 fake.rf 1440.00000000 50726.77072828585710340 0.10000 7 
 fake.rf 1440.00000000 50740.33757907936676546 0.10000 7 
 fake.rf 1440.00000000 50754.31104328900537226 0.10000 7 
 fake.rf 1440.00000000 50768.43970072480189870 0.10000 7 
 fake.rf 1440.00000000 50782.54486775034496304 0.10000 7 
 fake.rf 1440.00000000 50796.51765562990751945 0.10000 7 
 fake.rf 1440.00000000 50810.52832633725667932 0.10000 7 
 fake.rf 1440.00000000 50824.23824772420537599 0.10000 7 
 fake.rf 1440.00000000 50838.52468128454071206 0.10000 7 
 fake.rf 1440.00000000 50852.16153001557638191 0.10000 7 
 fake.rf 1440.00000000 50866.15081238784065931 0.10000 7 
 fake.rf 1440.00000000 50880.01932558965593145 0.10000 7 
 fake.rf 1440.00000000 50894.51084099982313447 0.10000 7 
 fake.rf 1440.00000000 50907.81875850475171319 0.10000 7 
 fake.rf 1440.00000000 50922.32974081603631689 0.10000 7 
 fake.rf 1440.00000000 50935.96090670349824947 0.10000 7 
 fake.rf 1440.00000000 50949.82716195017146177 0.10000 7 
 fake.rf 1440.00000000 50963.95446654429300537 0.10000 7 
 fake.rf 1440.00000000 50978.26433377677746250 0.10000 7 
 fake.rf 1440.00000000 50992.19963666154566084 0.10000 7 
 fake.rf 1440.00000000 51006.05870461478261291 0.10000 7 
 fake.rf 1440.00000000 51019.97661453158903910 0.10000 7 
 fake.rf 1440.00000000 51033.55310031889224831 0.10000 7 
 fake.rf 1440.00000000 51047.89130265592634217 0.10000 7 
 fake.rf 1440.00000000 51061.65177403879929585 0.10000 7 
 fake.rf 1440.00000000 51075.87384232616869539 0.10000 7 
 fake.rf 1440.00000000 51089.94813478970324638 0.10000 7 
 fake.rf 1440.00000000 51103.89205647513408337 0.10000 7 
 fake.rf 1440.00000000 51117.81759322494203701 0.10000 7 
 fake.rf 1440.00000000 51131.34045454830853572 0.10000 7 
 fake.rf 1440.00000000 51145.69563422706358580 0.10000 7 
 fake.rf 1440.00000000 51159.49366497528604114 0.10000 7 
 fake.rf 1440.00000000 51173.28826982568853410 0.10000 7 
 fake.rf 1440.00000000 51187.65513979295225155 0.10000 7 
 fake.rf 1440.00000000 51201.62005402861278824 0.10000 7 
 fake.rf 1440.00000000 51215.55805197736102841 0.10000 7 
 fake.rf 1440.00000000 51229.26926923064727859 0.10000 7 
 fake.rf 1440.00000000 51243.28308022452082682 0.10000 7 
 fake.rf 1440.00000000 51256.96922564308574977 0.10000 7 
 fake.rf 1440.00000000 51271.00510251993067001 0.10000 7 
 fake.rf 1440.00000000 51285.36065496999592028 0.10000 7 
 fake.rf 1440.00000000 51299.07430881967239955 0.10000 7 
 fake.rf 1440.00000000 51313.01692498115890118 0.10000 7 
 fake.rf 1440.00000000 51327.23555224169317768 0.10000 7 
 fake.rf 1440.00000000 51340.96201632964002926 0.10000 7 
 fake.rf 1440.00000000 51354.78717418446247933 0.10000 7 
 fake.rf 1440.00000000 51368.67519343582225844 0.10000 7 
 fake.rf 1440.00000000 51382.97280550590436832 0.10000 7 
 fake.rf 1440.00000000 51396.96349399773910349 0.10000 7 
 fake.rf 1440.00000000 51410.53293986770569646 0.10000 7 
 fake.rf 1440.00000000 51424.80408089171114838 0.10000 7 
 fake.rf 1440.00000000 51438.69206342125552567 0.10000 7 
 fake.rf 1440.00000000 51452.88431193766657046 0.10000 7 
 fake.rf 1440.00000000 51466.77016479966961882 0.10000 7 
 fake.rf 1440.00000000 51480.36790908983275017 0.10000 7 
 fake.rf 1440.00000000 51494.35885502658578972 0.10000 7 
 fake.rf 1440.00000000 51508.50500226751614008 0.10000 7 
 fake.rf 1440.00000000 51522.21526506963337511 0.10000 7 
 fake.rf 1440.00000000 51536.18835878821362328 0.10000 7 
 fake.rf 1440.00000000 51550.29826881451619869 0.10000 7 
 fake.rf 1440.00000000 51564.23628568596244648 0.10000 7 
 fake.rf 1440.00000000 51578.60278513022894487 0.10000 7 
 fake.rf 1440.00000000 51592.54895198574797632 0.10000 7 
 fake.rf 1440.00000000 51606.31979976459441062 0.10000 7 
 fake.rf 1440.00000000 51620.42472857827568689 0.10000 7 
 fake.rf 1440.00000000 51634.37403575049510351 0.10000 7 
 fake.rf 1440.00000000 51648.12110754743337182 0.10000 7 
 fake.rf 1440.00000000 51661.97547966738812875 0.10000 7 
 fake.rf 1440.00000000 51675.97682391288420334 0.10000 7 
 fake.rf 1440.00000000 51690.11493385607583306 0.10000 7 
 fake.rf 1440.00000000 51704.04340892672321317 0.10000 7 
 fake.rf 1440.00000000 51717.77186502556526548 0.10000 7 
 fake.rf 1440.00000000 51731.66185485378870013 0.10000 7 
 fake.rf 1440.00000000 51745.57117215393796528 0.10000 7 
 fake.rf 1440.00000000 51759.55648159410471365 0.10000 7 
 fake.rf 1440.00000000 51773.87782826544068726 0.10000 7 
 fake.rf 1440.00000000 51787.65052947998966104 0.10000 7 
 fake.rf 1440.00000000 51801.56208421616061344 0.10000 7 
 fake.rf 1440.00000000 51815.55260235648341904 0.10000 7 
 fake.rf 1440.00000000 51829.35421813909261246 0.10000 7 
 fake.rf 1440.00000000 51843.54011149372656675 0.10000 7 
 fake.rf 1440.00000000 51857.83999671036954737 0.10000 7 
 fake.rf 1440.00000000 51871.56782108028205514 0.10000 7 
 fake.rf 1440.00000000 51885.31752235042730348 0.10000 7 
 fake.rf 1440.00000000 51899.54148650203265092 0.10000 7 
 fake.rf 1440.00000000 51913.57194788889172088 0.10000 7 
 fake.rf 1440.00000000 51927.35082119958736868 0.10000 7 
 fake.rf 1440.00000000 51941.09249194200529942 0.10000 7 
 fake.rf 1440.00000000 51955.53810888366091802 0.10000 7 
 fake.rf 1440.00000000 51969.32830195551469643 0.10000 7 
 fake.rf 1440.00000000 51983.21810883220674881 0.10000 7 
 fake.rf 1440.00000000 51996.97330201070890965 0.10000 7 
 fake.rf 1440.00000000 52011.16822060877346701 0.10000 7 
 fake.rf 1440.00000000 52025.04242038948017424 0.10000 7 
 fake.rf 1440.00000000 52039.27335409530203947 0.10000 7 
 fake.rf 1440.00000000 52052.94476093425921803 0.10000 7 
 fake.rf 1440.00000000 52066.80649392958462585 0.10000 7 
 fake.rf 1440.00000000 52080.82272550833710056 0.10000 7 
 fake.rf 1440.00000000 52095.05339717790319654 0.10000 7 
 fake.rf 1440.00000000 52108.95470050384307825 0.10000 7 
 fake.rf 1440.00000000 52123.14726810915639987 0.10000 7 
 fake.rf 1440.00000000 52136.67797423324106987 0.10000 7 
 fake.rf 1440.00000000 52151.01262640134090276 0.10000 7 
 fake.rf 1440.00000000 52164.46674323071301060 0.10000 7 
 fake.rf 1440.00000000 52178.61165937021348071 0.10000 7 
 fake.rf 1440.00000000 52192.30318038323599694 0.10000 7 
 fake.rf 1440.00000000 52206.78353661673013164 0.10000 7 
 fake.rf 1440.00000000 52220.73938003333872970 0.10000 7 
 fake.rf 1440.00000000 52234.38068185718011449 0.10000 7 
 fake.rf 1440.00000000 52248.22311562049398859 0.10000 7 
 fake.rf 1440.00000000 52262.68546756882574655 0.10000 7 
 fake.rf 1440.00000000 52276.55088881965184200 0.10000 7 
 fake.rf 1440.00000000 52290.06476717555385036 0.10000 7 
 fake.rf 1440.00000000 52304.29316956857563525 0.10000 7 
 fake.rf 1440.00000000 52318.61318483525295164 0.10000 7 
 fake.rf 1440.00000000 52332.38925342418452757 0.10000 7 
 fake.rf 1440.00000000 52346.01967656463773793 0.10000 7 
 fake.rf 1440.00000000 52360.15679120062026186 0.10000 7 
 fake.rf 1440.00000000 52374.37942329234336469 0.10000 7 
 fake.rf 1440.00000000 52387.82702276595801294 0.10000 7 
 fake.rf 1440.00000000 52401.79255654339120341 0.10000 7 
 fake.rf 1440.00000000 52415.94322158345427098 0.10000 7 
 fake.rf 1440.00000000 52429.85090694386941834 0.10000 7 
 fake.rf 1440.00000000 52444.04958542308157377 0.10000 7 
 fake.rf 1440.00000000 52458.11267628846475475 0.10000 7 
 fake.rf 1440.00000000 52471.62285477629017905 0.10000 7 
 fake.rf 1440.00000000 52485.53116613819314651 0.10000 7 
 fake.rf 1440.00000000 52499.49421606821279340 0.10000 7 
 fake.rf 1440.00000000 52513.72551887760044309 0.10000 7 
 fake.rf 1440.00000000 52527.90272798593768400 0.10000 7 
 fake.rf 1440.00000000 52541.80530731338630090 0.10000 7 
 fake.rf 1440.00000000 52555.60073710271047176 0.10000 7 
 fake.rf 1440.00000000 52569.34687839247168739 0.10000 7 
 fake.rf 1440.00000000 52583.62233596286778337 0.10000 7 
 fake.rf 1440.00000000 52597.57677530772517116 0.10000 7 
 fake.rf 1440.00000000 52611.50605883971664056 0.10000 7 
 fake.rf 1440.00000000 52625.51126346602502082 0.10000 7 
 fake.rf 1440.00000000 52639.31761845537608480 0.10000 7 
 fake.rf 1440.00000000 52653.24097146546469972 0.10000 7 
 fake.rf 1440.00000000 52667.59237062354891279 0.10000 7 
 fake.rf 1440.00000000 52681.27938545399336334 0.10000 7 
 fake.rf 1440.00000000 52695.03664980436062493 0.10000 7 
 fake.rf 1440.00000000 52709.29169628670680581 0.10000 7 
 fake.rf 1440.00000000 52723.19748223127405851 0.10000 7 
 fake.rf 1440.00000000 52737.22137500894825735 0.10000 7 
 fake.rf 1440.00000000 52751.16799616557744557 0.10000 7 
 fake.rf 1440.00000000 52764.88807676492894316 0.10000 7 
 fake.rf 1440.00000000 52779.24728541906152657 0.10000 7 
 fake.rf 1440.00000000 52792.70258061473091615 0.10000 7 
 fake.rf 1440.00000000 52806.68351935643945438 0.10000 7 
 fake.rf 1440.00000000 52821.19522023099371921 0.10000 7 
 fake.rf 1440.00000000 52834.65427529511631377 0.10000 7 
 fake.rf 1440.00000000 52848.82410513117581985 0.10000 7 
 fake.rf 1440.00000000 52862.61505077003273456 0.10000 7 
 fake.rf 1440.00000000 52876.97767702535413292 0.10000 7 
 fake.rf 1440.00000000 52890.58215712413066356 0.10000 7 
 fake.rf 1440.00000000 52904.58817398864967174 0.10000 7 
 fake.rf 1440.00000000 52918.89733769553728493 0.10000 7 
 fake.rf 1440.00000000 52932.50309379519126551 0.10000 7 
 fake.rf 1440.00000000 52946.77863952113995794 0.10000 7 
 fake.rf 1440.00000000 52960.63657171794983824 0.10000 7 
 fake.rf 1440.00000000 52974.18313322107609764 0.10000 7 
 fake.rf 1440.00000000 52988.29233482159999724 0.10000 7 
 fake.rf 1440.00000000 53002.60130103272934221 0.10000 7 
