FORMAT 1
MODE 1
 fake.rf 1440.00000000 50000.88200643639396148 0.10000 7 
 fake.rf 1440.00000000 50014.98387345914143864 0.10000 7 
 fake.rf 1440.00000000 50028.59368258430721355 0.10000 7 
 fake.rf 1440.00000000 50042.49735841708221784 0.10000 7 
 fake.rf 1440.00000000 50056.44380647678411833 0.10000 7 
 fake.rf 1440.00000000 50070.68186137710608108 0.10000 7 
 fake.rf 1440.00000000 50084.30849575333541068 0.10000 7 
 fake.rf 1440.00000000 50098.64685137958181471 0.10000 7 
 fake.rf 1440.00000000 50112.68039667880287524 0.10000 7 
 fake.rf 1440.00000000 50126.60030365050845091 0.10000 7 
 fake.rf 1440.00000000 50140.21600459403525463 0.10000 7 
 fake.rf 1440.00000000 50154.31166875005383687 0.10000 7 
 fake.rf 1440.00000000 50168.21642292258022167 0.10000 7 
 fake.rf 1440.00000000 50182.25709722478798369 0.10000 7 
 fake.rf 1440.00000000 50196.08352938362970264 0.10000 7 
 fake.rf 1440.00000000 50210.14847151800313441 0.10000 7 
 fake.rf 1440.00000000 50224.20831061646777727 0.10000 7 
 fake.rf 1440.00000000 50237.91800309063682306 0.10000 7 
 fake.rf 1440.00000000 50252.14689297783611366 0.10000 7 
 fake.rf 1440.00000000 50265.74812133267779402 0.10000 7 
 fake.rf 1440.00000000 50279.95365213624241818 0.10000 7 
 fake.rf 1440.00000000 50293.91672774082773856 0.10000 7 
 fake.rf 1440.00000000 50307.82732889563994760 0.10000 7 
 fake.rf 1440.00000000 50322.07710267138887872 0.10000 7 
 fake.rf 1440.00000000 50335.72090131914078981 0.10000 7 
 fake.rf 1440.00000000 50349.94215133776491200 0.10000 7 
 fake.rf 1440.00000000 50363.83903021470282368 0.10000 7 
 fake.rf 1440.00000000 50378.04565383903504028 0.10000 7 
 fake.rf 1440.00000000 50391.85169141600639264 0.10000 7 
 fake.rf 1440.00000000 50405.89599794993597826 0.10000 7 
 fake.rf 1440.00000000 50419.78314718401146166 0.10000 7 
 fake.rf 1440.00000000 50433.48765595303396836 0.10000 7 
 fake.rf 1440.00000000 50447.67205560130809161 0.10000 7 
 fake.rf 1440.00000000 50461.20724000825868316 0.10000 7 
 fake.rf 1440.00000000 50475.52031733874716224 0.10000 7 
 fake.rf 1440.00000000 50489.68939112644002165 0.10000 7 
 fake.rf 1440.00000000 50503.50085649052856240 0.10000 7 
 fake.rf 1440.00000000 50517.47879424372791490 0.10000 7 
 fake.rf 1440.00000000 50531.35778308801410219 0.10000 7 
 fake.rf 1440.00000000 50545.24101981065625822 0.10000 7 
 fake.rf 1440.00000000 50559.17709059331799182 0.10000 7 
 fake.rf 1440.00000000 50573.37667310998205039 0.10000 7 
 fake.rf 1440.00000000 50587.39380002619747145 0.10000 7 
 fake.rf 1440.00000000 50601.27285109408886399 0.10000 7 
 fake.rf 1440.00000000 50614.88466730431878204 0.10000 7 
 fake.rf 1440.00000000 50628.76645247282421280 0.10000 7 
 fake.rf 1440.00000000 50642.74867171131714016 0.10000 7 
 fake.rf 1440.00000000 50657.12521975059010515 0.10000 7 
 fake.rf 1440.00000000 50670.75492346362318585 0.10000 7 
 fake.rf 1440.00000000 50685.00425866579268686 0.10000 7 
 fake.rf 1440.00000000 50699.02026112826795767 0.10000 7 
 fake.rf 1440.00000000 50712.89372169602031803 0.10000 7 
 fake.rf 1440.00000000 50726.47769189203898321 0.10000 7 
 fake.rf 1440.00000000 50740.44252159535716729 0.10000 7 
 fake.rf 1440.00000000 50754.60398199927160334 0.10000 7 
 fake.rf 1440.00000000 50768.53664357571948429 0.10000 7 
 fake.rf 1440.00000000 50782.76094936873585084 0.10000 7 
 fake.rf 1440.00000000 50796.85751471538569035 0.10000 7 
 fake.rf 1440.00000000 50810.36835931998860616 0.10000 7 
 fake.rf 1440.00000000 50824.43692873882712746 0.10000 7 
 fake.rf 1440.00000000 50838.61602669725673209 0.10000 7 
 fake.rf 1440.00000000 50852.71891326477699025 0.10000 7 
 fake.rf 1440.00000000 50866.53021754687987865 0.10000 7 
 fake.rf 1440.00000000 50880.26527453520075284 0.10000 7 
 fake.rf 1440.00000000 50894.60823826343455778 0.10000 7 
 fake.rf 1440.00000000 50908.10417922584405304 0.10000 7 
 fake.rf 1440.00000000 50922.04653610040157119 0.10000 7 
 fake.rf 1440.00000000 50936.23919124794118574 0.10000 7 
 fake.rf 1440.00000000 50950.41796271109306105 0.10000 7 
 fake.rf 1440.00000000 50964.27753446587784936 0.10000 7 
 fake.rf 1440.00000000 50978.39165238552198645 0.10000 7 
 fake.rf 1440.00000000 50991.87805406431578348 0.10000 7 
 fake.rf 1440.00000000 51005.97543442661024571 0.10000 7 
 fake.rf 1440.00000000 51020.14490532922941668 0.10000 7 
 fake.rf 1440.00000000 51034.21525077215490285 0.10000 7 
 fake.rf 1440.00000000 51047.96267344128890642 0.10000 7 
 fake.rf 1440.00000000 51062.05215556656080267 0.10000 7 
 fake.rf 1440.00000000 51076.14294631771838340 0.10000 7 
 fake.rf 1440.00000000 51089.63847643911915242 0.10000 7 
 fake.rf 1440.00000000 51104.06255497127846255 0.10000 7 
 fake.rf 1440.00000000 51117.77424031808202187 0.10000 7 
 fake.rf 1440.00000000 51131.99066566710481752 0.10000 7 
 fake.rf 1440.00000000 51145.65976415669988597 0.10000 7 
 fake.rf 1440.00000000 51159.66031246283157330 0.10000 7 
 fake.rf 1440.00000000 51173.87979354893844786 0.10000 7 
 fake.rf 1440.00000000 51187.74857851915048812 0.10000 7 
 fake.rf 1440.00000000 51201.72001444910079471 0.10000 7 
 fake.rf 1440.00000000 51215.53536074860015503 0.10000 7 
 fake.rf 1440.00000000 51229.53893711494069763 0.10000 7 
 fake.rf 1440.00000000 51243.72611041510024066 0.10000 7 
 fake.rf 1440.00000000 51257.64825219791543276 0.10000 7 
 fake.rf 1440.00000000 51271.20248592392935905 0.10000 7 
 fake.rf 1440.00000000 51285.53077184025949009 0.10000 7 
 fake.rf 1440.00000000 51299.30244395359668275 0.10000 7 
 fake.rf 1440.00000000 51313.29662743612739106 0.10000 7 
 fake.rf 1440.00000000 51327.33943642751357217 0.10000 7 
 fake.rf 1440.00000000 51341.31194227398078311 0.10000 7 
 fake.rf 1440.00000000 51355.28670867460426308 0.10000 7 
 fake.rf 1440.00000000 51368.89373224370629600 0.10000 7 
 fake.rf 1440.00000000 51383.08323561916514421 0.10000 7 
 fake.rf 1440.00000000 51396.95579985093121778 0.10000 7 
 fake.rf 1440.00000000 51410.71516739281161179 0.10000 7 
 fake.rf 1440.00000000 51425.09596519029110340 0.10000 7 
 fake.rf 1440.00000000 51439.10413583671251203 0.10000 7 
 fake.rf 1440.00000000 51453.07120035120641433 0.10000 7 
 fake.rf 1440.00000000 51466.89390300155069013 0.10000 7 
 fake.rf 1440.00000000 51480.68772236943399179 0.10000 7 
 fake.rf 1440.00000000 51494.78249505708036793 0.10000 7 
 fake.rf 1440.00000000 51508.73421451598357734 0.10000 7 
 fake.rf 1440.00000000 51522.72845675258844267 0.10000 7 
 fake.rf 1440.00000000 51536.61886739478785557 0.10000 7 
 fake.rf 1440.00000000 51550.32049828720212048 0.10000 7 
 fake.rf 1440.00000000 51564.56939191091226604 0.10000 7 
 fake.rf 1440.00000000 51578.16712710177753465 0.10000 7 
 fake.rf 1440.00000000 51592.57419902184503968 0.10000 7 
 fake.rf 1440.00000000 51606.41413317316430920 0.10000 7 
 fake.rf 1440.00000000 51620.58554603659958460 0.10000 7 
 fake.rf 1440.00000000 51634.33561329493030811 0.10000 7 
 fake.rf 1440.00000000 51648.02911979823030109 0.10000 7 
 fake.rf 1440.00000000 51662.24233510367609412 0.10000 7 
 fake.rf 1440.00000000 51676.21780172060820391 0.10000 7 
 fake.rf 1440.00000000 51689.87167611325913086 0.10000 7 
 fake.rf 1440.00000000 51704.34401787543493256 0.10000 7 
 fake.rf 1440.00000000 51718.01932977249017043 0.10000 7 
 fake.rf 1440.00000000 51732.14976902556876226 0.10000 7 
 fake.rf 1440.00000000 51745.98785364647180884 0.10000 7 
 fake.rf 1440.00000000 51759.74420063822623206 0.10000 7 
 fake.rf 1440.00000000 51773.88537180632241075 0.10000 7 
 fake.rf 1440.00000000 51787.73644887658137037 0.10000 7 
 fake.rf 1440.00000000 51801.80471218252391807 0.10000 7 
 fake.rf 1440.00000000 51815.50694613077860495 0.10000 7 
 fake.rf 1440.00000000 51829.93548016641310383 0.10000 7 
 fake.rf 1440.00000000 51843.80133705621489071 0.10000 7 
 fake.rf 1440.00000000 51857.92259487257833328 0.10000 7 
 fake.rf 1440.00000000 51871.73085895958422498 0.10000 7 
 fake.rf 1440.00000000 51885.60200640095952807 0.10000 7 
 fake.rf 1440.00000000 51899.58419294789824860 0.10000 7 
 fake.rf 1440.00000000 51913.89116913565230504 0.10000 7 
 fake.rf 1440.00000000 51927.22864867849278170 0.10000 7 
 fake.rf 1440.00000000 51941.20078074369671839 0.10000 7 
 fake.rf 1440.00000000 51955.54022527394798203 0.10000 7 
 fake.rf 1440.00000000 51969.47300816995781503 0.10000 7 
 fake.rf 1440.00000000 51983.18499715904997771 0.10000 7 
 fake.rf 1440.00000000 51997.14489473428546873 0.10000 7 
 fake.rf 1440.00000000 52011.38030555841644542 0.10000 7 
 fake.rf 1440.00000000 52025.53759254904719711 0.10000 7 
 fake.rf 1440.00000000 52039.37565033618072619 0.10000 7 
 fake.rf 1440.00000000 52053.15403340729168846 0.10000 7 
 fake.rf 1440.00000000 52067.09961370395561886 0.10000 7 
 fake.rf 1440.00000000 52081.33607075564254885 0.10000 7 
 fake.rf 1440.00000000 52095.36589523080947828 0.10000 7 
 fake.rf 1440.00000000 52109.32516820662638679 0.10000 7 
 fake.rf 1440.00000000 52123.25372566697914323 0.10000 7 
 fake.rf 1440.00000000 52137.12745130292594453 0.10000 7 
 fake.rf 1440.00000000 52150.80026226521372124 0.10000 7 
 fake.rf 1440.00000000 52164.89748506923699978 0.10000 7 
 fake.rf 1440.00000000 52178.64752137526465603 0.10000 7 
 fake.rf 1440.00000000 52192.78157207105338244 0.10000 7 
 fake.rf 1440.00000000 52207.05819208373423024 0.10000 7 
 fake.rf 1440.00000000 52220.69753153117720856 0.10000 7 
 fake.rf 1440.00000000 52234.93807160142563362 0.10000 7 
 fake.rf 1440.00000000 52248.95515159762124213 0.10000 7 
 fake.rf 1440.00000000 52262.39458448523877365 0.10000 7 
 fake.rf 1440.00000000 52276.53920750518192406 0.10000 7 
 fake.rf 1440.00000000 52290.71577142387695147 0.10000 7 
 fake.rf 1440.00000000 52304.66836112150630100 0.10000 7 
 fake.rf 1440.00000000 52318.72235765221794779 0.10000 7 
 fake.rf 1440.00000000 52332.25266750103359925 0.10000 7 
 fake.rf 1440.00000000 52346.55045950240688768 0.10000 7 
 fake.rf 1440.00000000 52360.64682830812410330 0.10000 7 
 fake.rf 1440.00000000 52374.18749623845748786 0.10000 7 
 fake.rf 1440.00000000 52388.19629216603505029 0.10000 7 
 fake.rf 1440.00000000 52402.26366992848135595 0.10000 7 
 fake.rf 1440.00000000 52416.22121963364268282 0.10000 7 
 fake.rf 1440.00000000 52430.22813918946786416 0.10000 7 
 fake.rf 1440.00000000 52443.90248715377666855 0.10000 7 
 fake.rf 1440.00000000 52458.05554990427110340 0.10000 7 
 fake.rf 1440.00000000 52471.93875333375774517 0.10000 7 
 fake.rf 1440.00000000 52486.09637712794651421 0.10000 7 
 fake.rf 1440.00000000 52500.23324623497455832 0.10000 7 
 fake.rf 1440.00000000 52513.72446610713107162 0.10000 7 
 fake.rf 1440.00000000 52527.95014044242310192 0.10000 7 
 fake.rf 1440.00000000 52542.08450860185894271 0.10000 7 
 fake.rf 1440.00000000 52555.54251197379644012 0.10000 7 
 fake.rf 1440.00000000 52569.68013802956593850 0.10000 7 
 fake.rf 1440.00000000 52583.52554321379412627 0.10000 7 
 fake.rf 1440.00000000 52597.78566210803576553 0.10000 7 
 fake.rf 1440.00000000 52611.71155050893193916 0.10000 7 
 fake.rf 1440.00000000 52625.72923249314369798 0.10000 7 
 fake.rf 1440.00000000 52639.63753079777264432 0.10000 7 
 fake.rf 1440.00000000 52653.24098470924557702 0.10000 7 
 fake.rf 1440.00000000 52667.53743285509604632 0.10000 7 
 fake.rf 1440.00000000 52681.50103720524604256 0.10000 7 
 fake.rf 1440.00000000 52695.24881675724846986 0.10000 7 
 fake.rf 1440.00000000 52709.06144729766250734 0.10000 7 
 fake.rf 1440.00000000 52723.23984165009088088 0.10000 7 
 fake.rf 1440.00000000 52736.97843694381554869 0.10000 7 
 fake.rf 1440.00000000 52751.54995676781165059 0.10000 7 
 fake.rf 1440.00000000 52765.29688703890422019 0.10000 7 
 fake.rf 1440.00000000 52779.37150039279908142 0.10000 7 
 fake.rf 1440.00000000 52793.41094840448741010 0.10000 7 
 fake.rf 1440.00000000 52807.40343936640340061 0.10000 7 
 fake.rf 1440.00000000 52820.85840802558461959 0.10000 7 
 fake.rf 1440.00000000 52835.00345989533357738 0.10000 7 
 fake.rf 1440.00000000 52848.99172660411132796 0.10000 7 
 fake.rf 1440.00000000 52863.15850755640624925 0.10000 7 
 fake.rf 1440.00000000 52877.01613345466540395 0.10000 7 
 fake.rf 1440.00000000 52891.19568899066078060 0.10000 7 
 fake.rf 1440.00000000 52904.61723277475757499 0.10000 7 
 fake.rf 1440.00000000 52918.67070852487752930 0.10000 7 
 fake.rf 1440.00000000 52933.02535923647780081 0.10000 7 
 fake.rf 1440.00000000 52946.64301561843527821 0.10000 7 
 fake.rf 1440.00000000 52960.96039178453995433 0.10000 7 
 fake.rf 1440.00000000 52974.82097005288176916 0.10000 7 
 fake.rf 1440.00000000 52988.60152255062275373 0.10000 7 
 fake.rf 1440.00000000 53002.42808416164871943 0.10000 7 
