FORMAT 1
MODE 1
 fake.rf 1440.00000000 50001.10109319175246512 0.10000 7 
 fake.rf 1440.00000000 50014.51332413752398409 0.10000 7 
 fake.rf 1440.00000000 50028.97066676965934917 0.10000 7 
 fake.rf 1440.00000000 50042.77078419901188511 0.10000 7 
 fake.rf 1440.00000000 50056.79620613026211373 0.10000 7 
 fake.rf 1440.00000000 50070.89522893878450205 0.10000 7 
 fake.rf 1440.00000000 50084.36335397408852899 0.10000 7 
 fake.rf 1440.00000000 50098.39060623520918014 0.10000 7 
 fake.rf 1440.00000000 50112.27563444782924051 0.10000 7 
 fake.rf 1440.00000000 50126.26128282937238367 0.10000 7 
 fake.rf 1440.00000000 50140.50515551271666581 0.10000 7 
 fake.rf 1440.00000000 50154.16700544005177420 0.10000 7 
 fake.rf 1440.00000000 50168.09573276727662616 0.10000 7 
 fake.rf 1440.00000000 50182.12476194141204644 0.10000 7 
 fake.rf 1440.00000000 50196.56611773464481274 0.10000 7 
 fake.rf 1440.00000000 50209.90585273214843909 0.10000 7 
 fake.rf 1440.00000000 50223.96559878016539002 0.10000 7 
 fake.rf 1440.00000000 50237.90014914986950956 0.10000 7 
 fake.rf 1440.00000000 50252.08982899464285410 0.10000 7 
 fake.rf 1440.00000000 50266.17606754615063025 0.10000 7 
 fake.rf 1440.00000000 50280.31562529910743109 0.10000 7 
 fake.rf 1440.00000000 50293.73449016354971164 0.10000 7 
 fake.rf 1440.00000000 50308.03851051809042261 0.10000 7 
 fake.rf 1440.00000000 50321.63783787231038147 0.10000 7 
 fake.rf 1440.00000000 50335.81507143024999706 0.10000 7 
 fake.rf 1440.00000000 50349.84530195459235458 0.10000 7 
 fake.rf 1440.00000000 50363.76717827623816959 0.10000 7 
 fake.rf 1440.00000000 50377.63334747535650848 0.10000 7 
 fake.rf 1440.00000000 50391.56238213951198901 0.10000 7 
 fake.rf 1440.00000000 50405.96970387460831375 0.10000 7 
 fake.rf 1440.00000000 50419.70066067815221444 0.10000 7 
 fake.rf 1440.00000000 50433.41213100226857335 0.10000 7 
 fake.rf 1440.00000000 50447.26990957777504931 0.10000 7 
 fake.rf 1440.00000000 50461.49643514202663752 0.10000 7 
 fake.rf 1440.00000000 50475.71291587893434993 0.10000 7 
 fake.rf 1440.00000000 50489.63434232511972866 0.10000 7 
 fake.rf 1440.00000000 50503.33144993345710816 0.10000 7 
 fake.rf 1440.00000000 50517.72094823372987449 0.10000 7 
 fake.rf 1440.00000000 50531.04118672174712046 0.10000 7 
 fake.rf 1440.00000000 50545.32821529189118692 0.10000 7 
 fake.rf 1440.00000000 50559.07492131285955850 0.10000 7 
 fake.rf 1440.00000000 50573.34392518814772544 0.10000 7 
 fake.rf 1440.00000000 50587.33102952597498714 0.10000 7 
 fake.rf 1440.00000000 50601.04468941445698249 0.10000 7 
 fake.rf 1440.00000000 50615.38094833722805177 0.10000 7 
 fake.rf 1440.00000000 50629.18096760530609757 0.10000 7 
 fake.rf 1440.00000000 50642.93925534174159964 0.10000 7 
 fake.rf 1440.00000000 50656.70681964042934453 0.10000 7 
 fake.rf 1440.00000000 50671.14628255491821918 0.10000 7 
 fake.rf 1440.00000000 50685.13247573160495918 0.10000 7 
 fake.rf 1440.00000000 50699.02450476814469127 0.10000 7 
 fake.rf 1440.00000000 50712.97508448408774129 0.10000 7 
 fake.rf 1440.00000000 50727.08503537088192559 0.10000 7 
 fake.rf 1440.00000000 50740.65264447047082541 0.10000 7 
 fake.rf 1440.00000000 50754.90744438237372904 0.10000 7 
 fake.rf 1440.00000000 50768.56618797387377384 0.10000 7 
 fake.rf 1440.00000000 50782.86892014962420561 0.10000 7 
 fake.rf 1440.00000000 50796.41715613365670734 0.10000 7 
 fake.rf 1440.00000000 50810.64696140778670497 0.10000 7 
 fake.rf 1440.00000000 50824.25028780387308913 0.10000 7 
 fake.rf 1440.00000000 50838.24407157596986906 0.10000 7 
 fake.rf 1440.00000000 50852.24305940874012322 0.10000 7 
 fake.rf 1440.00000000 50866.26274920555939119 0.10000 7 
 fake.rf 1440.00000000 50880.15253751637364488 0.10000 7 
 fake.rf 1440.00000000 50894.41627686157791643 0.10000 7 
 fake.rf 1440.00000000 50908.02400669162436486 0.10000 7 
 fake.rf 1440.00000000 50922.54011456456550988 0.10000 7 
 fake.rf 1440.00000000 50936.53918744752751024 0.10000 7 
 fake.rf 1440.00000000 50949.90797512955766635 0.10000 7 
 fake.rf 1440.00000000 50964.44921388018798680 0.10000 7 
 fake.rf 1440.00000000 50978.10687487830915998 0.10000 7 
 fake.rf 1440.00000000 50991.92726166605694260 0.10000 7 
 fake.rf 1440.00000000 51006.10906358056741539 0.10000 7 
 fake.rf 1440.00000000 51019.79205466120661328 0.10000 7 
 fake.rf 1440.00000000 51034.03099420120685181 0.10000 7 
 fake.rf 1440.00000000 51047.92061417302568316 0.10000 7 
 fake.rf 1440.00000000 51062.10851784337281956 0.10000 7 
 fake.rf 1440.00000000 51076.14397070402268142 0.10000 7 
 fake.rf 1440.00000000 51089.83938145174174394 0.10000 7 
 fake.rf 1440.00000000 51103.83830691433129090 0.10000 7 
 fake.rf 1440.00000000 51117.89817927699040467 0.10000 7 
 fake.rf 1440.00000000 51131.52384504957947442 0.10000 7 
 fake.rf 1440.00000000 51145.51157676665656382 0.10000 7 
 fake.rf 1440.00000000 51159.71962592165302297 0.10000 7 
 fake.rf 1440.00000000 51173.61779332390601027 0.10000 7 
 fake.rf 1440.00000000 51187.23188435844594935 0.10000 7 
 fake.rf 1440.00000000 51201.80356971209564421 0.10000 7 
 fake.rf 1440.00000000 51215.37602918336298430 0.10000 7 
 fake.rf 1440.00000000 51229.24324831226489962 0.10000 7 
 fake.rf 1440.00000000 51243.41629884842254583 0.10000 7 
 fake.rf 1440.00000000 51257.29697704414825310 0.10000 7 
 fake.rf 1440.00000000 51271.19620652846363384 0.10000 7 
 fake.rf 1440.00000000 51285.40647054647584824 0.10000 7 
 fake.rf 1440.00000000 51299.34506469651242710 0.10000 7 
 fake.rf 1440.00000000 51313.17230860592141539 0.10000 7 
 fake.rf 1440.00000000 51327.01787157713179255 0.10000 7 
 fake.rf 1440.00000000 51341.26908791398165377 0.10000 7 
 fake.rf 1440.00000000 51354.98399922493737080 0.10000 7 
 fake.rf 1440.00000000 51368.86686095192139589 0.10000 7 
 fake.rf 1440.00000000 51383.19175797281391027 0.10000 7 
 fake.rf 1440.00000000 51396.81946746020552652 0.10000 7 
 fake.rf 1440.00000000 51411.06488292141093766 0.10000 7 
 fake.rf 1440.00000000 51424.58172563350718676 0.10000 7 
 fake.rf 1440.00000000 51439.09613009338077205 0.10000 7 
 fake.rf 1440.00000000 51453.06276263671146509 0.10000 7 
 fake.rf 1440.00000000 51466.85677086318885287 0.10000 7 
 fake.rf 1440.00000000 51480.63235481183551556 0.10000 7 
 fake.rf 1440.00000000 51494.82511703633814548 0.10000 7 
 fake.rf 1440.00000000 51508.69280460201309069 0.10000 7 
 fake.rf 1440.00000000 51522.86869156524225133 0.10000 7 
 fake.rf 1440.00000000 51536.43193912765935139 0.10000 7 
 fake.rf 1440.00000000 51550.39772481329550047 0.10000 7 
 fake.rf 1440.00000000 51564.23750384336068109 0.10000 7 
 fake.rf 1440.00000000 51578.49337536507365698 0.10000 7 
 fake.rf 1440.00000000 51592.70543632759599717 0.10000 7 
 fake.rf 1440.00000000 51606.48160919617740205 0.10000 7 
 fake.rf 1440.00000000 51620.38979768819843841 0.10000 7 
 fake.rf 1440.00000000 51634.54510356316971098 0.10000 7 
 fake.rf 1440.00000000 51648.59862819796633460 0.10000 7 
 fake.rf 1440.00000000 51662.41226209774425371 0.10000 7 
 fake.rf 1440.00000000 51676.11217777720721855 0.10000 7 
 fake.rf 1440.00000000 51690.08460690868838583 0.10000 7 
 fake.rf 1440.00000000 51703.83569634088004463 0.10000 7 
 fake.rf 1440.00000000 51717.78410225419399993 0.10000 7 
 fake.rf 1440.00000000 51731.73335143670517411 0.10000 7 
 fake.rf 1440.00000000 51746.01657741797795254 0.10000 7 
 fake.rf 1440.00000000 51759.84877216734243532 0.10000 7 
 fake.rf 1440.00000000 51774.08746417975376275 0.10000 7 
 fake.rf 1440.00000000 51788.12382725670696715 0.10000 7 
 fake.rf 1440.00000000 51801.87710995079265075 0.10000 7 
 fake.rf 1440.00000000 51815.81225818365690472 0.10000 7 
 fake.rf 1440.00000000 51829.51455683134529195 0.10000 7 
 fake.rf 1440.00000000 51843.55148097508702421 0.10000 7 
 fake.rf 1440.00000000 51857.70836502239669130 0.10000 7 
 fake.rf 1440.00000000 51871.96329374154092307 0.10000 7 
 fake.rf 1440.00000000 51885.33841050418342178 0.10000 7 
 fake.rf 1440.00000000 51899.32752842633781043 0.10000 7 
 fake.rf 1440.00000000 51913.39626738154350605 0.10000 7 
 fake.rf 1440.00000000 51927.66903899254428367 0.10000 7 
 fake.rf 1440.00000000 51941.56407035480661349 0.10000 7 
 fake.rf 1440.00000000 51955.18025592460039519 0.10000 7 
 fake.rf 1440.00000000 51969.72116760353087628 0.10000 7 
 fake.rf 1440.00000000 51983.62021077922514323 0.10000 7 
 fake.rf 1440.00000000 51997.11440145667303625 0.10000 7 
 fake.rf 1440.00000000 52011.28274423643667035 0.10000 7 
 fake.rf 1440.00000000 52025.43207430102620137 0.10000 7 
 fake.rf 1440.00000000 52039.40733055977089094 0.10000 7 
 fake.rf 1440.00000000 52052.85542124346341808 0.10000 7 
 fake.rf 1440.00000000 52067.19828340101094710 0.10000 7 
 fake.rf 1440.00000000 52081.26529027384583159 0.10000 7 
 fake.rf 1440.00000000 52095.23190765209135833 0.10000 7 
 fake.rf 1440.00000000 52109.31291152653461296 0.10000 7 
 fake.rf 1440.00000000 52122.72390693674523021 0.10000 7 
 fake.rf 1440.00000000 52137.14650630444139168 0.10000 7 
 fake.rf 1440.00000000 52151.21414205558925303 0.10000 7 
 fake.rf 1440.00000000 52164.61261261631111807 0.10000 7 
 fake.rf 1440.00000000 52178.68999756628472042 0.10000 7 
 fake.rf 1440.00000000 52192.62805422482128748 0.10000 7 
 fake.rf 1440.00000000 52206.97010961570735788 0.10000 7 
 fake.rf 1440.00000000 52220.45541685966852441 0.10000 7 
 fake.rf 1440.00000000 52234.85164900461550275 0.10000 7 
 fake.rf 1440.00000000 52248.50041202177656530 0.10000 7 
 fake.rf 1440.00000000 52262.39291062489928308 0.10000 7 
 fake.rf 1440.00000000 52276.86429319148161454 0.10000 7 
 fake.rf 1440.00000000 52290.70816580722876310 0.10000 7 
 fake.rf 1440.00000000 52304.22715281547572275 0.10000 7 
 fake.rf 1440.00000000 52318.77854490473932358 0.10000 7 
 fake.rf 1440.00000000 52332.64976162733731258 0.10000 7 
 fake.rf 1440.00000000 52346.27571353741561211 0.10000 7 
 fake.rf 1440.00000000 52360.47143672400024172 0.10000 7 
 fake.rf 1440.00000000 52374.27591102965692471 0.10000 7 
 fake.rf 1440.00000000 52388.22294094195384062 0.10000 7 
 fake.rf 1440.00000000 52402.33113522601576406 0.10000 7 
 fake.rf 1440.00000000 52416.07287900081687226 0.10000 7 
 fake.rf 1440.00000000 52430.21899203905618947 0.10000 7 
 fake.rf 1440.00000000 52443.86708846088560065 0.10000 7 
 fake.rf 1440.00000000 52457.79638860116650179 0.10000 7 
 fake.rf 1440.00000000 52471.95598400985841181 0.10000 7 
 fake.rf 1440.00000000 52485.75706366665841784 0.10000 7 
 fake.rf 1440.00000000 52500.06745205006616573 0.10000 7 
 fake.rf 1440.00000000 52513.66561345348624812 0.10000 7 
 fake.rf 1440.00000000 52528.13820376041610771 0.10000 7 
 fake.rf 1440.00000000 52541.90115532500070827 0.10000 7 
 fake.rf 1440.00000000 52555.61520469315053106 0.10000 7 
 fake.rf 1440.00000000 52569.88195361472400080 0.10000 7 
 fake.rf 1440.00000000 52583.75076696997953718 0.10000 7 
 fake.rf 1440.00000000 52597.56818017360804873 0.10000 7 
 fake.rf 1440.00000000 52611.95053968881205364 0.10000 7 
 fake.rf 1440.00000000 52625.79563607887228116 0.10000 7 
 fake.rf 1440.00000000 52639.32666370101024711 0.10000 7 
 fake.rf 1440.00000000 52653.23255691827693425 0.10000 7 
 fake.rf 1440.00000000 52667.51211147123093781 0.10000 7 
 fake.rf 1440.00000000 52681.39679457333193469 0.10000 7 
 fake.rf 1440.00000000 52695.23341237395439762 0.10000 7 
 fake.rf 1440.00000000 52709.35590911055127350 0.10000 7 
 fake.rf 1440.00000000 52723.12269111996334203 0.10000 7 
 fake.rf 1440.00000000 52737.18318844662445244 0.10000 7 
 fake.rf 1440.00000000 52751.22863684546202379 0.10000 7 
 fake.rf 1440.00000000 52764.90486151639105827 0.10000 7 
 fake.rf 1440.00000000 52779.29620323592513031 0.10000 7 
 fake.rf 1440.00000000 52792.90893421434595822 0.10000 7 
 fake.rf 1440.00000000 52807.09452610740493839 0.10000 7 
 fake.rf 1440.00000000 52820.80445722919342799 0.10000 7 
 fake.rf 1440.00000000 52835.23027513687520340 0.10000 7 
 fake.rf 1440.00000000 52849.19583677307980452 0.10000 7 
 fake.rf 1440.00000000 52863.09010702954540761 0.10000 7 
 fake.rf 1440.00000000 52877.20224741295026405 0.10000 7 
 fake.rf 1440.00000000 52891.13533523073234477 0.10000 7 
 fake.rf 1440.00000000 52904.56076039040669912 0.10000 7 
 fake.rf 1440.00000000 52918.51220685037831970 0.10000 7 
 fake.rf 1440.00000000 52932.79390903230133958 0.10000 7 
 fake.rf 1440.00000000 52946.52238810643597589 0.10000 7 
 fake.rf 1440.00000000 52960.98465052616341353 0.10000 7 
 fake.rf 1440.00000000 52974.40086388549857688 0.10000 7 
 fake.rf 1440.00000000 52988.54828538320689901 0.10000 7 
 fake.rf 1440.00000000 53002.64885613116018703 0.10000 7 
