FORMAT 1
MODE 1
 fake.rf 1440.00000000 50000.93069973761072688 0.10000 7 
 fake.rf 1440.00000000 50014.93376046839798477 0.10000 7 
 fake.rf 1440.00000000 50028.78825023209834555 0.10000 7 
 fake.rf 1440.00000000 50042.66149192560703796 0.10000 7 
 fake.rf 1440.00000000 50056.90047306552376583 0.10000 7 
 fake.rf 1440.00000000 50070.69908194134388069 0.10000 7 
 fake.rf 1440.00000000 50084.89010437170677292 0.10000 7 
 fake.rf 1440.00000000 50098.38532818598377006 0.10000 7 
 fake.rf 1440.00000000 50112.72544742771600923 0.10000 7 
 fake.rf 1440.00000000 50126.41052606399273017 0.10000 7 
 fake.rf 1440.00000000 50140.37742453420911204 0.10000 7 
 fake.rf 1440.00000000 50154.14960041160178150 0.10000 7 
 fake.rf 1440.00000000 50168.58502014107396150 0.10000 7 
 fake.rf 1440.00000000 50182.26636960179168767 0.10000 7 
 fake.rf 1440.00000000 50196.46811325766125478 0.10000 7 
 fake.rf 1440.00000000 50210.55448988633844465 0.10000 7 
 fake.rf 1440.00000000 50224.45965745376661715 0.10000 7 
 fake.rf 1440.00000000 50238.40955816903895936 0.10000 7 
 fake.rf 1440.00000000 50252.29331201922115469 0.10000 7 
 fake.rf 1440.00000000 50266.20226744899580140 0.10000 7 
 fake.rf 1440.00000000 50280.08466451633329086 0.10000 7 
 fake.rf 1440.00000000 50294.11878482184779671 0.10000 7 
 fake.rf 1440.00000000 50307.99905414650239877 0.10000 7 
 fake.rf 1440.00000000 50322.01176896142853678 0.10000 7 
 fake.rf 1440.00000000 50336.03556171944243403 0.10000 7 
 fake.rf 1440.00000000 50349.56909258357868353 0.10000 7 
 fake.rf 1440.00000000 50364.01517936051397228 0.10000 7 
 fake.rf 1440.00000000 50377.87279401896735109 0.10000 7 
 fake.rf 1440.00000000 50391.52743082043067702 0.10000 7 
 fake.rf 1440.00000000 50405.49249858414642134 0.10000 7 
 fake.rf 1440.00000000 50419.48891002223243873 0.10000 7 
 fake.rf 1440.00000000 50433.83835889006990172 0.10000 7 
 fake.rf 1440.00000000 50447.84471346503950073 0.10000 7 
 fake.rf 1440.00000000 50461.73384079809137859 0.10000 7 
 fake.rf 1440.00000000 50475.32809070633978976 0.10000 7 
 fake.rf 1440.00000000 50489.61165255115604822 0.10000 7 
 fake.rf 1440.00000000 50503.33761475489897208 0.10000 7 
 fake.rf 1440.00000000 50517.16111319004569324 0.10000 7 
 fake.rf 1440.00000000 50531.64479148023201205 0.10000 7 
 fake.rf 1440.00000000 50545.08243236829286360 0.10000 7 
 fake.rf 1440.00000000 50559.29590219516732930 0.10000 7 
 fake.rf 1440.00000000 50573.11803842190114011 0.10000 7 
 fake.rf 1440.00000000 50587.03274787831507453 0.10000 7 
 fake.rf 1440.00000000 50601.05319683436641398 0.10000 7 
 fake.rf 1440.00000000 50615.26157520959804970 0.10000 7 
 fake.rf 1440.00000000 50629.41625445776974956 0.10000 7 
 fake.rf 1440.00000000 50642.89463940364312222 0.10000 7 
 fake.rf 1440.00000000 50657.04641144732307723 0.10000 7 
 fake.rf 1440.00000000 50671.18921742622330484 0.10000 7 
 fake.rf 1440.00000000 50685.25624901235399733 0.10000 7 
 fake.rf 1440.00000000 50698.68853585642994730 0.10000 7 
 fake.rf 1440.00000000 50712.75196490014341322 0.10000 7 
 fake.rf 1440.00000000 50726.89134291855724967 0.10000 7 
 fake.rf 1440.00000000 50740.90879183521103002 0.10000 7 
 fake.rf 1440.00000000 50755.02316176613342336 0.10000 7 
 fake.rf 1440.00000000 50768.55789189891609325 0.10000 7 
 fake.rf 1440.00000000 50782.81376445611262227 0.10000 7 
 fake.rf 1440.00000000 50796.74578055587977587 0.10000 7 
 fake.rf 1440.00000000 50810.84301801950411459 0.10000 7 
 fake.rf 1440.00000000 50824.79175344712936280 0.10000 7 
 fake.rf 1440.00000000 50838.72706345216807833 0.10000 7 
 fake.rf 1440.00000000 50852.19227172900873768 0.10000 7 
 fake.rf 1440.00000000 50866.52868209048665449 0.10000 7 
 fake.rf 1440.00000000 50880.50857274695318111 0.10000 7 
 fake.rf 1440.00000000 50894.56780109706781801 0.10000 7 
 fake.rf 1440.00000000 50908.53668739151961375 0.10000 7 
 fake.rf 1440.00000000 50922.17169923112304986 0.10000 7 
 fake.rf 1440.00000000 50935.99511589743711326 0.10000 7 
 fake.rf 1440.00000000 50950.49239342381714479 0.10000 7 
 fake.rf 1440.00000000 50963.98264293238050016 0.10000 7 
 fake.rf 1440.00000000 50977.94859324029393122 0.10000 7 
 fake.rf 1440.00000000 50992.03089997573193060 0.10000 7 
 fake.rf 1440.00000000 51006.04817844126511162 0.10000 7 
 fake.rf 1440.00000000 51019.96706423428686961 0.10000 7 
 fake.rf 1440.00000000 51034.10804599733091180 0.10000 7 
 fake.rf 1440.00000000 51047.70526225403387954 0.10000 7 
 fake.rf 1440.00000000 51061.81705338830478169 0.10000 7 
 fake.rf 1440.00000000 51076.14131282498532016 0.10000 7 
 fake.rf 1440.00000000 51089.92852712278573080 0.10000 7 
 fake.rf 1440.00000000 51103.55468366685010650 0.10000 7 
 fake.rf 1440.00000000 51117.98420075322194123 0.10000 7 
 fake.rf 1440.00000000 51131.90859464067841600 0.10000 7 
 fake.rf 1440.00000000 51145.63640628947854339 0.10000 7 
 fake.rf 1440.00000000 51159.57686083993575465 0.10000 7 
 fake.rf 1440.00000000 51173.55692970621720406 0.10000 7 
 fake.rf 1440.00000000 51187.43733732786797930 0.10000 7 
 fake.rf 1440.00000000 51201.61741469165172447 0.10000 7 
 fake.rf 1440.00000000 51215.22491556854767936 0.10000 7 
 fake.rf 1440.00000000 51229.74223200539265122 0.10000 7 
 fake.rf 1440.00000000 51243.39110628955834059 0.10000 7 
 fake.rf 1440.00000000 51257.65223525023611018 0.10000 7 
 fake.rf 1440.00000000 51271.47642111219301952 0.10000 7 
 fake.rf 1440.00000000 51285.29539643668615767 0.10000 7 
 fake.rf 1440.00000000 51299.26449514499977411 0.10000 7 
 fake.rf 1440.00000000 51313.10679770389437238 0.10000 7 
 fake.rf 1440.00000000 51327.02322746852521007 0.10000 7 
 fake.rf 1440.00000000 51340.99943854377502461 0.10000 7 
 fake.rf 1440.00000000 51355.18164569596893898 0.10000 7 
 fake.rf 1440.00000000 51368.95971819270044278 0.10000 7 
 fake.rf 1440.00000000 51382.80476613518879248 0.10000 7 
 fake.rf 1440.00000000 51397.18211558685010232 0.10000 7 
 fake.rf 1440.00000000 51410.96436441823944108 0.10000 7 
 fake.rf 1440.00000000 51424.92994520364769429 0.10000 7 
 fake.rf 1440.00000000 51438.69613247330307360 0.10000 7 
 fake.rf 1440.00000000 51453.10215988569390788 0.10000 7 
 fake.rf 1440.00000000 51466.58028181319216188 0.10000 7 
 fake.rf 1440.00000000 51480.64857805060407969 0.10000 7 
 fake.rf 1440.00000000 51494.53795598240945708 0.10000 7 
 fake.rf 1440.00000000 51508.37856348895942915 0.10000 7 
 fake.rf 1440.00000000 51522.93896672887154153 0.10000 7 
 fake.rf 1440.00000000 51536.49272723075668878 0.10000 7 
 fake.rf 1440.00000000 51550.80107792136960043 0.10000 7 
 fake.rf 1440.00000000 51564.65743450529660308 0.10000 7 
 fake.rf 1440.00000000 51578.64389932736386868 0.10000 7 
 fake.rf 1440.00000000 51592.26426395167342775 0.10000 7 
 fake.rf 1440.00000000 51606.13891544969262526 0.10000 7 
 fake.rf 1440.00000000 51620.71068068749557511 0.10000 7 
 fake.rf 1440.00000000 51634.54934870607227282 0.10000 7 
 fake.rf 1440.00000000 51648.06972711676520760 0.10000 7 
 fake.rf 1440.00000000 51662.53036819817033631 0.10000 7 
 fake.rf 1440.00000000 51676.05613659059317655 0.10000 7 
 fake.rf 1440.00000000 51690.54253670587182157 0.10000 7 
 fake.rf 1440.00000000 51704.19892303027043923 0.10000 7 
 fake.rf 1440.00000000 51718.24855946643446813 0.10000 7 
 fake.rf 1440.00000000 51732.07561771345906720 0.10000 7 
 fake.rf 1440.00000000 51746.27919937384439919 0.10000 7 
 fake.rf 1440.00000000 51760.28349160509204552 0.10000 7 
 fake.rf 1440.00000000 51774.12498700709884147 0.10000 7 
 fake.rf 1440.00000000 51787.88233517753286961 0.10000 7 
 fake.rf 1440.00000000 51801.70292600599835708 0.10000 7 
 fake.rf 1440.00000000 51816.09436204037601215 0.10000 7 
 fake.rf 1440.00000000 51829.60061906120994379 0.10000 7 
 fake.rf 1440.00000000 51843.90835142548868930 0.10000 7 
 fake.rf 1440.00000000 51857.63692768363458185 0.10000 7 
 fake.rf 1440.00000000 51871.61426473398807602 0.10000 7 
 fake.rf 1440.00000000 51885.69958388166985230 0.10000 7 
 fake.rf 1440.00000000 51899.61117486323407988 0.10000 7 
 fake.rf 1440.00000000 51913.69503417043083005 0.10000 7 
 fake.rf 1440.00000000 51927.70795730348179120 0.10000 7 
 fake.rf 1440.00000000 51941.49838183355329235 0.10000 7 
 fake.rf 1440.00000000 51955.51420385562900961 0.10000 7 
 fake.rf 1440.00000000 51969.11911352553824273 0.10000 7 
 fake.rf 1440.00000000 51983.25611482061383839 0.10000 7 
 fake.rf 1440.00000000 51997.16651946611715118 0.10000 7 
 fake.rf 1440.00000000 52011.46278672658546327 0.10000 7 
 fake.rf 1440.00000000 52025.25837871277935065 0.10000 7 
 fake.rf 1440.00000000 52039.08166093998710622 0.10000 7 
 fake.rf 1440.00000000 52053.32125276597417241 0.10000 7 
 fake.rf 1440.00000000 52066.99373884690429648 0.10000 7 
 fake.rf 1440.00000000 52081.04229221862907195 0.10000 7 
 fake.rf 1440.00000000 52095.11408459944023264 0.10000 7 
 fake.rf 1440.00000000 52109.01723179297527722 0.10000 7 
 fake.rf 1440.00000000 52122.92374472801180474 0.10000 7 
 fake.rf 1440.00000000 52136.69014947103446644 0.10000 7 
 fake.rf 1440.00000000 52150.68115915439512165 0.10000 7 
 fake.rf 1440.00000000 52165.11962301763359307 0.10000 7 
 fake.rf 1440.00000000 52179.12783546260184053 0.10000 7 
 fake.rf 1440.00000000 52193.16136343294689581 0.10000 7 
 fake.rf 1440.00000000 52206.81288212237329915 0.10000 7 
 fake.rf 1440.00000000 52220.61666883681312257 0.10000 7 
 fake.rf 1440.00000000 52234.50901367965445843 0.10000 7 
 fake.rf 1440.00000000 52248.59019450808585461 0.10000 7 
 fake.rf 1440.00000000 52262.60513098856869263 0.10000 7 
 fake.rf 1440.00000000 52276.84343429780401991 0.10000 7 
 fake.rf 1440.00000000 52290.69141744158188700 0.10000 7 
 fake.rf 1440.00000000 52304.72191694081810098 0.10000 7 
 fake.rf 1440.00000000 52318.41709883128746128 0.10000 7 
 fake.rf 1440.00000000 52332.21489903101700847 0.10000 7 
 fake.rf 1440.00000000 52346.36748393135990653 0.10000 7 
 fake.rf 1440.00000000 52360.11381501094817636 0.10000 7 
 fake.rf 1440.00000000 52374.40693241548507686 0.10000 7 
 fake.rf 1440.00000000 52388.61356547805153383 0.10000 7 
 fake.rf 1440.00000000 52402.00303227799406613 0.10000 7 
 fake.rf 1440.00000000 52416.47137705216676551 0.10000 7 
 fake.rf 1440.00000000 52429.95997416842688565 0.10000 7 
 fake.rf 1440.00000000 52444.35060096844032529 0.10000 7 
 fake.rf 1440.00000000 52457.98609709924567213 0.10000 7 
 fake.rf 1440.00000000 52472.00286914289609186 0.10000 7 
 fake.rf 1440.00000000 52486.00464720602225910 0.10000 7 
 fake.rf 1440.00000000 52500.01752215177630845 0.10000 7 
 fake.rf 1440.00000000 52514.12107364643163265 0.10000 7 
 fake.rf 1440.00000000 52528.23287010515394968 0.10000 7 
 fake.rf 1440.00000000 52542.18711832244685311 0.10000 7 
 fake.rf 1440.00000000 52555.56874212093135412 0.10000 7 
 fake.rf 1440.00000000 52569.48516944367253245 0.10000 7 
 fake.rf 1440.00000000 52583.46865334191279118 0.10000 7 
 fake.rf 1440.00000000 52597.99363382346840723 0.10000 7 
 fake.rf 1440.00000000 52611.95649962588197113 0.10000 7 
 fake.rf 1440.00000000 52625.34507093813650513 0.10000 7 
 fake.rf 1440.00000000 52639.55979614297130453 0.10000 7 
 fake.rf 1440.00000000 52653.36467475325273924 0.10000 7 
 fake.rf 1440.00000000 52667.35048367361303079 0.10000 7 
 fake.rf 1440.00000000 52681.68461574020844651 0.10000 7 
 fake.rf 1440.00000000 52695.54265681468815785 0.10000 7 
 fake.rf 1440.00000000 52709.13832845703300478 0.10000 7 
 fake.rf 1440.00000000 52723.35866974802058138 0.10000 7 
 fake.rf 1440.00000000 52737.28543646068374073 0.10000 7 
 fake.rf 1440.00000000 52751.28118270118358168 0.10000 7 
 fake.rf 1440.00000000 52765.33755018986135354 0.10000 7 
 fake.rf 1440.00000000 52779.45512792616080233 0.10000 7 
 fake.rf 1440.00000000 52793.23543134071735494 0.10000 7 
 fake.rf 1440.00000000 52806.95647563506564381 0.10000 7 
 fake.rf 1440.00000000 52821.31891245340248986 0.10000 7 
 fake.rf 1440.00000000 52835.19357539297181958 0.10000 7 
 fake.rf 1440.00000000 52848.75452389990437041 0.10000 7 
 fake.rf 1440.00000000 52863.31045052456381939 0.10000 7 
 fake.rf 1440.00000000 52876.94729963384143545 0.10000 7 
 fake.rf 1440.00000000 52890.84863705064438122 0.10000 7 
 fake.rf 1440.00000000 52904.79289513758472552 0.10000 7 
 fake.rf 1440.00000000 52919.13641507115682927 0.10000 7 
 fake.rf 1440.00000000 52933.08885340438237321 0.10000 7 
 fake.rf 1440.00000000 52946.50822247676384791 0.10000 7 
 fake.rf 1440.00000000 52961.00176492186901456 0.10000 7 
 fake.rf 1440.00000000 52974.94667751410877443 0.10000 7 
 fake.rf 1440.00000000 52988.45256313387412916 0.10000 7 
 fake.rf 1440.00000000 53002.90075897022537887 0.10000 7 
