FORMAT 1
MODE 1
 fake.rf 1440.00000000 50001.15146805957959941 0.10000 7 
 fake.rf 1440.00000000 50014.55389352262767133 0.10000 7 
 fake.rf 1440.00000000 50029.00318122422673284 0.10000 7 
 fake.rf 1440.00000000 50043.06326788219729806 0.10000 7 
 fake.rf 1440.00000000 50056.71864458479700488 0.10000 7 
 fake.rf 1440.00000000 50070.34437026699887241 0.10000 7 
 fake.rf 1440.00000000 50084.42849192285303417 0.10000 7 
 fake.rf 1440.00000000 50098.45622678743508516 0.10000 7 
 fake.rf 1440.00000000 50112.64488629456629454 0.10000 7 
 fake.rf 1440.00000000 50126.36290561380353026 0.10000 7 
 fake.rf 1440.00000000 50140.64920784220393557 0.10000 7 
 fake.rf 1440.00000000 50154.13619343987025090 0.10000 7 
 fake.rf 1440.00000000 50168.55485176638628886 0.10000 7 
 fake.rf 1440.00000000 50182.26908091378413701 0.10000 7 
 fake.rf 1440.00000000 50196.57853696276675137 0.10000 7 
 fake.rf 1440.00000000 50210.14905807001841609 0.10000 7 
 fake.rf 1440.00000000 50224.28922427337696277 0.10000 7 
 fake.rf 1440.00000000 50238.33267655556533526 0.10000 7 
 fake.rf 1440.00000000 50252.48275331365565677 0.10000 7 
 fake.rf 1440.00000000 50266.22209409094778820 0.10000 7 
 fake.rf 1440.00000000 50280.19303241552840689 0.10000 7 
 fake.rf 1440.00000000 50294.01818433666167962 0.10000 7 
 fake.rf 1440.00000000 50307.69708853670968551 0.10000 7 
 fake.rf 1440.00000000 50322.31717776338085102 0.10000 7 
 fake.rf 1440.00000000 50335.85740899405788085 0.10000 7 
 fake.rf 1440.00000000 50350.19364428816463786 0.10000 7 
 fake.rf 1440.00000000 50363.60466194889710323 0.10000 7 
 fake.rf 1440.00000000 50377.67666170298672057 0.10000 7 
 fake.rf 1440.00000000 50391.99603564052502236 0.10000 7 
 fake.rf 1440.00000000 50405.61783164987654615 0.10000 7 
 fake.rf 1440.00000000 50419.50958662339987981 0.10000 7 
 fake.rf 1440.00000000 50433.83380924923084976 0.10000 7 
 fake.rf 1440.00000000 50447.56292345211649675 0.10000 7 
 fake.rf 1440.00000000 50461.27552553206431440 0.10000 7 
 fake.rf 1440.00000000 50475.69806086678705270 0.10000 7 
 fake.rf 1440.00000000 50489.78744450863844762 0.10000 7 
 fake.rf 1440.00000000 50503.16399832120381319 0.10000 7 
 fake.rf 1440.00000000 50517.70888137064218881 0.10000 7 
 fake.rf 1440.00000000 50531.19755928819102664 0.10000 7 
 fake.rf 1440.00000000 50545.46766536760577182 0.10000 7 
 fake.rf 1440.00000000 50559.10212710970494854 0.10000 7 
 fake.rf 1440.00000000 50573.58200000242859673 0.10000 7 
 fake.rf 1440.00000000 50587.37731771676666170 0.10000 7 
 fake.rf 1440.00000000 50601.46866385114753228 0.10000 7 
 fake.rf 1440.00000000 50615.03432532250997511 0.10000 7 
 fake.rf 1440.00000000 50629.17732515544190619 0.10000 7 
 fake.rf 1440.00000000 50642.87741846407487145 0.10000 7 
 fake.rf 1440.00000000 50657.28813883016068687 0.10000 7 
 fake.rf 1440.00000000 50670.84615039255995583 0.10000 7 
 fake.rf 1440.00000000 50684.73454647648442517 0.10000 7 
 fake.rf 1440.00000000 50698.92283372932567431 0.10000 7 
 fake.rf 1440.00000000 50713.15667636695737386 0.10000 7 
 fake.rf 1440.00000000 50726.90845042209014437 0.10000 7 
 fake.rf 1440.00000000 50740.81386790463989556 0.10000 7 
 fake.rf 1440.00000000 50755.03935920053878306 0.10000 7 
 fake.rf 1440.00000000 50769.03625720080293959 0.10000 7 
 fake.rf 1440.00000000 50782.64946941682266868 0.10000 7 
 fake.rf 1440.00000000 50796.99087106021872273 0.10000 7 
 fake.rf 1440.00000000 50810.43132822836433604 0.10000 7 
 fake.rf 1440.00000000 50824.40214047157112276 0.10000 7 
 fake.rf 1440.00000000 50838.40356420293740669 0.10000 7 
 fake.rf 1440.00000000 50852.44066906293799235 0.10000 7 
 fake.rf 1440.00000000 50866.77392995772208550 0.10000 7 
 fake.rf 1440.00000000 50880.54269399627813897 0.10000 7 
 fake.rf 1440.00000000 50894.33062700037811155 0.10000 7 
 fake.rf 1440.00000000 50908.45798259732908875 0.10000 7 
 fake.rf 1440.00000000 50922.35435636363029488 0.10000 7 
 fake.rf 1440.00000000 50936.22373591368227252 0.10000 7 
 fake.rf 1440.00000000 50950.26753398410895457 0.10000 7 
 fake.rf 1440.00000000 50964.35747836623518481 0.10000 7 
 fake.rf 1440.00000000 50977.86852339172585857 0.10000 7 
 fake.rf 1440.00000000 50992.25167591629033126 0.10000 7 
 fake.rf 1440.00000000 51006.19305263488344337 0.10000 7 
 fake.rf 1440.00000000 51020.20430812382857511 0.10000 7 
 fake.rf 1440.00000000 51034.05036618976153662 0.10000 7 
 fake.rf 1440.00000000 51048.26229709828664483 0.10000 7 
 fake.rf 1440.00000000 51061.78811180720870411 0.10000 7 
 fake.rf 1440.00000000 51076.03915589623616711 0.10000 7 
 fake.rf 1440.00000000 51090.03336658932570202 0.10000 7 
 fake.rf 1440.00000000 51103.82208559916381674 0.10000 7 
 fake.rf 1440.00000000 51117.99975186067967670 0.10000 7 
 fake.rf 1440.00000000 51131.55380915426788846 0.10000 7 
 fake.rf 1440.00000000 51145.61459686566534089 0.10000 7 
 fake.rf 1440.00000000 51159.58226326477342027 0.10000 7 
 fake.rf 1440.00000000 51173.74663082834347350 0.10000 7 
 fake.rf 1440.00000000 51187.40446918068489524 0.10000 7 
 fake.rf 1440.00000000 51201.40725967441206024 0.10000 7 
 fake.rf 1440.00000000 51215.22306547928454634 0.10000 7 
 fake.rf 1440.00000000 51229.26053158475746585 0.10000 7 
 fake.rf 1440.00000000 51243.40867195987381777 0.10000 7 
 fake.rf 1440.00000000 51257.23351604654631331 0.10000 7 
 fake.rf 1440.00000000 51271.31063194673853900 0.10000 7 
 fake.rf 1440.00000000 51285.53410329409620516 0.10000 7 
 fake.rf 1440.00000000 51299.06376769254216441 0.10000 7 
 fake.rf 1440.00000000 51312.94787364321365075 0.10000 7 
 fake.rf 1440.00000000 51326.99750406592358942 0.10000 7 
 fake.rf 1440.00000000 51341.35941681411388160 0.10000 7 
 fake.rf 1440.00000000 51355.17812260387341539 0.10000 7 
 fake.rf 1440.00000000 51369.13535863703875251 0.10000 7 
 fake.rf 1440.00000000 51382.91262882856847938 0.10000 7 
 fake.rf 1440.00000000 51396.85950512852944172 0.10000 7 
 fake.rf 1440.00000000 51411.03267890341155066 0.10000 7 
 fake.rf 1440.00000000 51425.23132768516317626 0.10000 7 
 fake.rf 1440.00000000 51439.15780674362725478 0.10000 7 
 fake.rf 1440.00000000 51452.71379541593566387 0.10000 7 
 fake.rf 1440.00000000 51466.79672833007654376 0.10000 7 
 fake.rf 1440.00000000 51480.97336437449204638 0.10000 7 
 fake.rf 1440.00000000 51494.76006047046631764 0.10000 7 
 fake.rf 1440.00000000 51508.46559689031590779 0.10000 7 
 fake.rf 1440.00000000 51522.67466967700043412 0.10000 7 
 fake.rf 1440.00000000 51536.95497752583777284 0.10000 7 
 fake.rf 1440.00000000 51550.87640627010564742 0.10000 7 
 fake.rf 1440.00000000 51564.67776245439431904 0.10000 7 
 fake.rf 1440.00000000 51578.39041740684952586 0.10000 7 
 fake.rf 1440.00000000 51592.31773858656504572 0.10000 7 
 fake.rf 1440.00000000 51606.32168837224102376 0.10000 7 
 fake.rf 1440.00000000 51620.39707445489665361 0.10000 7 
 fake.rf 1440.00000000 51634.36541216597525761 0.10000 7 
 fake.rf 1440.00000000 51648.22339383173115479 0.10000 7 
 fake.rf 1440.00000000 51662.37447206362670471 0.10000 7 
 fake.rf 1440.00000000 51676.52917626662489781 0.10000 7 
 fake.rf 1440.00000000 51690.25022807228835120 0.10000 7 
 fake.rf 1440.00000000 51704.51664825970563300 0.10000 7 
 fake.rf 1440.00000000 51718.26638322018463612 0.10000 7 
 fake.rf 1440.00000000 51732.22199215618514145 0.10000 7 
 fake.rf 1440.00000000 51746.41074437673687214 0.10000 7 
 fake.rf 1440.00000000 51760.24833579543313533 0.10000 7 
 fake.rf 1440.00000000 51773.93741690790187349 0.10000 7 
 fake.rf 1440.00000000 51787.98310098216117936 0.10000 7 
 fake.rf 1440.00000000 51801.81615452678290623 0.10000 7 
 fake.rf 1440.00000000 51815.98739851526306310 0.10000 7 
 fake.rf 1440.00000000 51830.01818495495703232 0.10000 7 
 fake.rf 1440.00000000 51844.06263833908494831 0.10000 7 
 fake.rf 1440.00000000 51857.80409052475888743 0.10000 7 
 fake.rf 1440.00000000 51871.79958210518400819 0.10000 7 
 fake.rf 1440.00000000 51885.43825018648538716 0.10000 7 
 fake.rf 1440.00000000 51899.96752808447156013 0.10000 7 
 fake.rf 1440.00000000 51913.51121504362182435 0.10000 7 
 fake.rf 1440.00000000 51927.64147198542434225 0.10000 7 
 fake.rf 1440.00000000 51941.24784568813491248 0.10000 7 
 fake.rf 1440.00000000 51955.70549821019489301 0.10000 7 
 fake.rf 1440.00000000 51969.48762238607096364 0.10000 7 
 fake.rf 1440.00000000 51983.72031755477769721 0.10000 7 
 fake.rf 1440.00000000 51997.35088563713327403 0.10000 7 
 fake.rf 1440.00000000 52011.55055751724695412 0.10000 7 
 fake.rf 1440.00000000 52025.08213328183288837 0.10000 7 
 fake.rf 1440.00000000 52039.42154386198421179 0.10000 7 
 fake.rf 1440.00000000 52053.06816120277907345 0.10000 7 
 fake.rf 1440.00000000 52067.27296742019178666 0.10000 7 
 fake.rf 1440.00000000 52080.84191908397844628 0.10000 7 
 fake.rf 1440.00000000 52095.34450736197680243 0.10000 7 
 fake.rf 1440.00000000 52109.07557720264131262 0.10000 7 
 fake.rf 1440.00000000 52123.07047343586989996 0.10000 7 
 fake.rf 1440.00000000 52137.21104127507675585 0.10000 7 
 fake.rf 1440.00000000 52150.73007213816472571 0.10000 7 
 fake.rf 1440.00000000 52164.71880334538489521 0.10000 7 
 fake.rf 1440.00000000 52179.08634949902757683 0.10000 7 
 fake.rf 1440.00000000 52193.14786456056859620 0.10000 7 
 fake.rf 1440.00000000 52206.86390289199127324 0.10000 7 
 fake.rf 1440.00000000 52220.64869254839637236 0.10000 7 
 fake.rf 1440.00000000 52234.58148714660660872 0.10000 7 
 fake.rf 1440.00000000 52248.50699558966743652 0.10000 7 
 fake.rf 1440.00000000 52262.36079771559662177 0.10000 7 
 fake.rf 1440.00000000 52276.37627179700813684 0.10000 7 
 fake.rf 1440.00000000 52290.74812519310894743 0.10000 7 
 fake.rf 1440.00000000 52304.63564493390292753 0.10000 7 
 fake.rf 1440.00000000 52318.32801316381609169 0.10000 7 
 fake.rf 1440.00000000 52332.60070380750359220 0.10000 7 
 fake.rf 1440.00000000 52346.73680330754583423 0.10000 7 
 fake.rf 1440.00000000 52360.59765452442581335 0.10000 7 
 fake.rf 1440.00000000 52374.51494494952874348 0.10000 7 
 fake.rf 1440.00000000 52388.48025634747249057 0.10000 7 
 fake.rf 1440.00000000 52402.16145783016450466 0.10000 7 
 fake.rf 1440.00000000 52416.34966947727286524 0.10000 7 
 fake.rf 1440.00000000 52429.98377498521103135 0.10000 7 
 fake.rf 1440.00000000 52443.90287444787393056 0.10000 7 
 fake.rf 1440.00000000 52458.32755460784970936 0.10000 7 
 fake.rf 1440.00000000 52472.33929677843288886 0.10000 7 
 fake.rf 1440.00000000 52485.94323959785446121 0.10000 7 
 fake.rf 1440.00000000 52499.94428541564907320 0.10000 7 
 fake.rf 1440.00000000 52514.22987193831498942 0.10000 7 
 fake.rf 1440.00000000 52527.70796249360229169 0.10000 7 
 fake.rf 1440.00000000 52542.14497085275422705 0.10000 7 
 fake.rf 1440.00000000 52555.79701301558915105 0.10000 7 
 fake.rf 1440.00000000 52570.12056413025204904 0.10000 7 
 fake.rf 1440.00000000 52584.11482945744691264 0.10000 7 
 fake.rf 1440.00000000 52597.79382888426956200 0.10000 7 
 fake.rf 1440.00000000 52611.85648558315815038 0.10000 7 
 fake.rf 1440.00000000 52625.95049197001781138 0.10000 7 
 fake.rf 1440.00000000 52639.38375580370337659 0.10000 7 
 fake.rf 1440.00000000 52653.26942820515407107 0.10000 7 
 fake.rf 1440.00000000 52667.33445531554447072 0.10000 7 
 fake.rf 1440.00000000 52681.39812030275430743 0.10000 7 
 fake.rf 1440.00000000 52695.17582091328968730 0.10000 7 
 fake.rf 1440.00000000 52709.29454815889196695 0.10000 7 
 fake.rf 1440.00000000 52723.10162592000081716 0.10000 7 
 fake.rf 1440.00000000 52737.47173902057983241 0.10000 7 
 fake.rf 1440.00000000 52751.32106056582264131 0.10000 7 
 fake.rf 1440.00000000 52765.43905506403533323 0.10000 7 
 fake.rf 1440.00000000 52779.31682701460229623 0.10000 7 
 fake.rf 1440.00000000 52793.06522589995477546 0.10000 7 
 fake.rf 1440.00000000 52807.13873686446294187 0.10000 7 
 fake.rf 1440.00000000 52821.02004627111337598 0.10000 7 
 fake.rf 1440.00000000 52835.15453934074130871 0.10000 7 
 fake.rf 1440.00000000 52848.78782140029385062 0.10000 7 
 fake.rf 1440.00000000 52863.00812902814439198 0.10000 7 
 fake.rf 1440.00000000 52877.09994761730131430 0.10000 7 
 fake.rf 1440.00000000 52891.19613587825278600 0.10000 7 
 fake.rf 1440.00000000 52904.79974510701083545 0.10000 7 
 fake.rf 1440.00000000 52919.20039924829639233 0.10000 7 
 fake.rf 1440.00000000 52932.66919275386410604 0.10000 7 
 fake.rf 1440.00000000 52946.59661456710773564 0.10000 7 
 fake.rf 1440.00000000 52960.51358531895394322 0.10000 7 
 fake.rf 1440.00000000 52974.45761323900783779 0.10000 7 
 fake.rf 1440.00000000 52988.74196994621320300 0.10000 7 
 fake.rf 1440.00000000 53002.35405123358228963 0.10000 7 
