FORMAT 1
MODE 1
 fake.rf 1440.00000000 50000.63572032011042623 0.10000 7 
 fake.rf 1440.00000000 50014.63730254946096210 0.10000 7 
 fake.rf 1440.00000000 50029.01693323345868336 0.10000 7 
 fake.rf 1440.00000000 50043.12568501014443356 0.10000 7 
 fake.rf 1440.00000000 50056.59875703648493328 0.10000 7 
 fake.rf 1440.00000000 50070.90228620389099845 0.10000 7 
 fake.rf 1440.00000000 50084.44762455168944371 0.10000 7 
 fake.rf 1440.00000000 50098.68925439542802280 0.10000 7 
 fake.rf 1440.00000000 50112.80871016490953807 0.10000 7 
 fake.rf 1440.00000000 50126.51100181757315966 0.10000 7 
 fake.rf 1440.00000000 50140.59793549609120689 0.10000 7 
 fake.rf 1440.00000000 50154.45906375174200775 0.10000 7 
 fake.rf 1440.00000000 50168.71556979359852946 0.10000 7 
 fake.rf 1440.00000000 50182.29205723498852265 0.10000 7 
 fake.rf 1440.00000000 50196.06918358098701560 0.10000 7 
 fake.rf 1440.00000000 50210.11231447942206074 0.10000 7 
 fake.rf 1440.00000000 50224.46720566885753101 0.10000 7 
 fake.rf 1440.00000000 50238.16386755986046353 0.10000 7 
 fake.rf 1440.00000000 50252.37971746073904455 0.10000 7 
 fake.rf 1440.00000000 50266.40611676371365135 0.10000 7 
 fake.rf 1440.00000000 50280.36131237782181813 0.10000 7 
 fake.rf 1440.00000000 50294.04054028453226621 0.10000 7 
 fake.rf 1440.00000000 50308.20135399218960970 0.10000 7 
 fake.rf 1440.00000000 50321.79838489617939246 0.10000 7 
 fake.rf 1440.00000000 50335.91649308319069434 0.10000 7 
 fake.rf 1440.00000000 50350.25099291961680592 0.10000 7 
 fake.rf 1440.00000000 50363.81367168562223569 0.10000 7 
 fake.rf 1440.00000000 50377.88697657154476772 0.10000 7 
 fake.rf 1440.00000000 50391.53706383335593699 0.10000 7 
 fake.rf 1440.00000000 50406.08899200708247434 0.10000 7 
 fake.rf 1440.00000000 50419.81260435795512365 0.10000 7 
 fake.rf 1440.00000000 50433.47743701454290033 0.10000 7 
 fake.rf 1440.00000000 50447.40250675268075753 0.10000 7 
 fake.rf 1440.00000000 50461.54397578352888587 0.10000 7 
 fake.rf 1440.00000000 50475.35578628997274819 0.10000 7 
 fake.rf 1440.00000000 50489.45882094728588285 0.10000 7 
 fake.rf 1440.00000000 50503.27537854190349975 0.10000 7 
 fake.rf 1440.00000000 50517.33742003188477199 0.10000 7 
 fake.rf 1440.00000000 50531.72031060112861667 0.10000 7 
 fake.rf 1440.00000000 50545.69455000176249371 0.10000 7 
 fake.rf 1440.00000000 50559.49710937105026076 0.10000 7 
 fake.rf 1440.00000000 50573.33849285463929135 0.10000 7 
 fake.rf 1440.00000000 50587.21208666262453235 0.10000 7 
 fake.rf 1440.00000000 50601.30937806015248270 0.10000 7 
 fake.rf 1440.00000000 50615.43214172718807120 0.10000 7 
 fake.rf 1440.00000000 50629.12108804168722287 0.10000 7 
 fake.rf 1440.00000000 50643.29973627085431076 0.10000 7 
 fake.rf 1440.00000000 50657.14895056037390830 0.10000 7 
 fake.rf 1440.00000000 50671.23945146973914788 0.10000 7 
 fake.rf 1440.00000000 50685.00550907452520377 0.10000 7 
 fake.rf 1440.00000000 50698.91934866828742301 0.10000 7 
 fake.rf 1440.00000000 50713.00327138047858000 0.10000 7 
 fake.rf 1440.00000000 50727.15344961633273257 0.10000 7 
 fake.rf 1440.00000000 50740.59966231260693448 0.10000 7 
 fake.rf 1440.00000000 50754.98550859119022860 0.10000 7 
 fake.rf 1440.00000000 50768.62535440386116647 0.10000 7 
 fake.rf 1440.00000000 50782.44429303869500103 0.10000 7 
 fake.rf 1440.00000000 50796.43104403340419140 0.10000 7 
 fake.rf 1440.00000000 50810.84908754267028996 0.10000 7 
 fake.rf 1440.00000000 50824.35633950713977214 0.10000 7 
 fake.rf 1440.00000000 50838.93324484351881054 0.10000 7 
 fake.rf 1440.00000000 50852.44646002078408387 0.10000 7 
 fake.rf 1440.00000000 50866.32343737967222452 0.10000 7 
 fake.rf 1440.00000000 50880.19697182950820746 0.10000 7 
 fake.rf 1440.00000000 50894.55654889790934448 0.10000 7 
 fake.rf 1440.00000000 50908.28356272904601454 0.10000 7 
 fake.rf 1440.00000000 50922.29835791002340528 0.10000 7 
 fake.rf 1440.00000000 50936.51271856840365970 0.10000 7 
 fake.rf 1440.00000000 50950.34000011156051713 0.10000 7 
 fake.rf 1440.00000000 50964.10924511316163432 0.10000 7 
 fake.rf 1440.00000000 50978.33607135889924677 0.10000 7 
 fake.rf 1440.00000000 50992.00413816272512690 0.10000 7 
 fake.rf 1440.00000000 51006.31965947166779429 0.10000 7 
 fake.rf 1440.00000000 51019.79163894919304312 0.10000 7 
 fake.rf 1440.00000000 51034.26188987959524113 0.10000 7 
 fake.rf 1440.00000000 51048.07173417989010389 0.10000 7 
 fake.rf 1440.00000000 51061.93755284008744511 0.10000 7 
 fake.rf 1440.00000000 51075.95801130425196490 0.10000 7 
 fake.rf 1440.00000000 51089.65529591414804500 0.10000 7 
 fake.rf 1440.00000000 51103.64984154655609316 0.10000 7 
 fake.rf 1440.00000000 51118.14125044604937997 0.10000 7 
 fake.rf 1440.00000000 51131.79060077202925783 0.10000 7 
 fake.rf 1440.00000000 51145.90729513153230812 0.10000 7 
 fake.rf 1440.00000000 51159.92044163437265070 0.10000 7 
 fake.rf 1440.00000000 51173.72089736276022265 0.10000 7 
 fake.rf 1440.00000000 51187.59499741387484306 0.10000 7 
 fake.rf 1440.00000000 51201.95288250032962551 0.10000 7 
 fake.rf 1440.00000000 51215.61050296179845631 0.10000 7 
 fake.rf 1440.00000000 51229.50958001145494336 0.10000 7 
 fake.rf 1440.00000000 51243.65706805771691990 0.10000 7 
 fake.rf 1440.00000000 51257.52683314346042565 0.10000 7 
 fake.rf 1440.00000000 51271.37437499881819036 0.10000 7 
 fake.rf 1440.00000000 51285.07330433338270836 0.10000 7 
 fake.rf 1440.00000000 51299.52493942862669485 0.10000 7 
 fake.rf 1440.00000000 51313.28424190943965755 0.10000 7 
 fake.rf 1440.00000000 51327.38097417416351576 0.10000 7 
 fake.rf 1440.00000000 51340.93118259815040716 0.10000 7 
 fake.rf 1440.00000000 51355.41017299215592473 0.10000 7 
 fake.rf 1440.00000000 51369.09282542968187002 0.10000 7 
 fake.rf 1440.00000000 51383.17520802457101681 0.10000 7 
 fake.rf 1440.00000000 51396.79500279341166546 0.10000 7 
 fake.rf 1440.00000000 51410.74270753553986069 0.10000 7 
 fake.rf 1440.00000000 51425.19804969319791255 0.10000 7 
 fake.rf 1440.00000000 51439.17159184216109935 0.10000 7 
 fake.rf 1440.00000000 51452.62950216122589708 0.10000 7 
 fake.rf 1440.00000000 51466.92665463323950448 0.10000 7 
 fake.rf 1440.00000000 51480.74826700821629544 0.10000 7 
 fake.rf 1440.00000000 51494.77688881540984056 0.10000 7 
 fake.rf 1440.00000000 51508.46605919131306806 0.10000 7 
 fake.rf 1440.00000000 51522.68984893199768749 0.10000 7 
 fake.rf 1440.00000000 51536.75124245963202796 0.10000 7 
 fake.rf 1440.00000000 51550.97004775691545220 0.10000 7 
 fake.rf 1440.00000000 51564.88141395828028735 0.10000 7 
 fake.rf 1440.00000000 51578.43106103924210970 0.10000 7 
 fake.rf 1440.00000000 51592.70123910214250529 0.10000 7 
 fake.rf 1440.00000000 51606.45128709567225300 0.10000 7 
 fake.rf 1440.00000000 51620.57992693972202503 0.10000 7 
 fake.rf 1440.00000000 51634.57954936148135872 0.10000 7 
 fake.rf 1440.00000000 51648.69211054199160671 0.10000 7 
 fake.rf 1440.00000000 51662.09138685491084786 0.10000 7 
 fake.rf 1440.00000000 51676.27672351225801606 0.10000 7 
 fake.rf 1440.00000000 51690.29727584256972150 0.10000 7 
 fake.rf 1440.00000000 51704.24898681118794030 0.10000 7 
 fake.rf 1440.00000000 51718.17147869157457762 0.10000 7 
 fake.rf 1440.00000000 51732.01522561781924026 0.10000 7 
 fake.rf 1440.00000000 51746.43113162168625507 0.10000 7 
 fake.rf 1440.00000000 51759.82191547002575760 0.10000 7 
 fake.rf 1440.00000000 51773.92076353089289498 0.10000 7 
 fake.rf 1440.00000000 51788.18721923840384846 0.10000 7 
 fake.rf 1440.00000000 51801.96554807890046845 0.10000 7 
 fake.rf 1440.00000000 51816.18500495842647879 0.10000 7 
 fake.rf 1440.00000000 51830.10948139939599599 0.10000 7 
 fake.rf 1440.00000000 51843.87374113657061514 0.10000 7 
 fake.rf 1440.00000000 51857.92009948583322299 0.10000 7 
 fake.rf 1440.00000000 51871.85634424909375895 0.10000 7 
 fake.rf 1440.00000000 51885.78340702876076307 0.10000 7 
 fake.rf 1440.00000000 51899.49847733119767668 0.10000 7 
 fake.rf 1440.00000000 51913.96122705988491930 0.10000 7 
 fake.rf 1440.00000000 51927.95513760681831883 0.10000 7 
 fake.rf 1440.00000000 51941.39760441604999386 0.10000 7 
 fake.rf 1440.00000000 51955.45570346781522275 0.10000 7 
 fake.rf 1440.00000000 51969.54923348018778029 0.10000 7 
 fake.rf 1440.00000000 51983.24873173912398627 0.10000 7 
 fake.rf 1440.00000000 51997.25642298410801345 0.10000 7 
 fake.rf 1440.00000000 52011.60449288562027803 0.10000 7 
 fake.rf 1440.00000000 52025.61239511410856551 0.10000 7 
 fake.rf 1440.00000000 52039.40836040328294132 0.10000 7 
 fake.rf 1440.00000000 52053.25662962246084930 0.10000 7 
 fake.rf 1440.00000000 52067.30238049390007404 0.10000 7 
 fake.rf 1440.00000000 52081.24913306923328804 0.10000 7 
 fake.rf 1440.00000000 52095.20157129897334869 0.10000 7 
 fake.rf 1440.00000000 52109.47088473670668307 0.10000 7 
 fake.rf 1440.00000000 52122.80974907397679985 0.10000 7 
 fake.rf 1440.00000000 52136.75212417885013849 0.10000 7 
 fake.rf 1440.00000000 52150.98215587994895515 0.10000 7 
 fake.rf 1440.00000000 52164.86965982663507191 0.10000 7 
 fake.rf 1440.00000000 52179.26616703881173720 0.10000 7 
 fake.rf 1440.00000000 52192.92520841933034248 0.10000 7 
 fake.rf 1440.00000000 52206.94978659882784910 0.10000 7 
 fake.rf 1440.00000000 52220.98430886961048358 0.10000 7 
 fake.rf 1440.00000000 52235.12657199676039710 0.10000 7 
 fake.rf 1440.00000000 52248.74216618966910630 0.10000 7 
 fake.rf 1440.00000000 52262.73939109138342829 0.10000 7 
 fake.rf 1440.00000000 52276.68413995729081023 0.10000 7 
 fake.rf 1440.00000000 52290.38431880506564298 0.10000 7 
 fake.rf 1440.00000000 52304.35601432080920858 0.10000 7 
 fake.rf 1440.00000000 52318.26605214651061360 0.10000 7 
 fake.rf 1440.00000000 52332.38619393354948883 0.10000 7 
 fake.rf 1440.00000000 52346.19219873043936886 0.10000 7 
 fake.rf 1440.00000000 52360.13437308618176758 0.10000 7 
 fake.rf 1440.00000000 52374.40187437756388178 0.10000 7 
 fake.rf 1440.00000000 52388.30420424472934471 0.10000 7 
 fake.rf 1440.00000000 52402.37813470292222462 0.10000 7 
 fake.rf 1440.00000000 52416.38336032732480163 0.10000 7 
 fake.rf 1440.00000000 52430.33160749058156469 0.10000 7 
 fake.rf 1440.00000000 52444.12516729264475046 0.10000 7 
 fake.rf 1440.00000000 52458.17652138173427545 0.10000 7 
 fake.rf 1440.00000000 52471.95895976841223529 0.10000 7 
 fake.rf 1440.00000000 52486.30568153242665019 0.10000 7 
 fake.rf 1440.00000000 52499.77434573541987106 0.10000 7 
 fake.rf 1440.00000000 52514.20842960904063546 0.10000 7 
 fake.rf 1440.00000000 52527.87914883585052195 0.10000 7 
 fake.rf 1440.00000000 52541.65535278275489262 0.10000 7 
 fake.rf 1440.00000000 52556.13319358628055511 0.10000 7 
 fake.rf 1440.00000000 52569.78451405202159918 0.10000 7 
 fake.rf 1440.00000000 52583.82897557399797961 0.10000 7 
 fake.rf 1440.00000000 52597.56587976274639118 0.10000 7 
 fake.rf 1440.00000000 52611.65193357148827147 0.10000 7 
 fake.rf 1440.00000000 52626.06032934724088079 0.10000 7 
 fake.rf 1440.00000000 52639.86003768393367253 0.10000 7 
 fake.rf 1440.00000000 52653.35217315688689510 0.10000 7 
 fake.rf 1440.00000000 52667.94105798397953677 0.10000 7 
 fake.rf 1440.00000000 52681.39458678601737773 0.10000 7 
 fake.rf 1440.00000000 52695.58883984829980207 0.10000 7 
 fake.rf 1440.00000000 52709.49403301746876949 0.10000 7 
 fake.rf 1440.00000000 52723.35263321469436448 0.10000 7 
 fake.rf 1440.00000000 52737.55680794159073699 0.10000 7 
 fake.rf 1440.00000000 52751.41026485328708873 0.10000 7 
 fake.rf 1440.00000000 52765.42723307939048283 0.10000 7 
 fake.rf 1440.00000000 52779.47563864314673410 0.10000 7 
 fake.rf 1440.00000000 52793.30949598165501158 0.10000 7 
 fake.rf 1440.00000000 52806.96552490540861768 0.10000 7 
 fake.rf 1440.00000000 52820.95448637765225897 0.10000 7 
 fake.rf 1440.00000000 52834.90050021197077612 0.10000 7 
 fake.rf 1440.00000000 52849.26664759639664126 0.10000 7 
 fake.rf 1440.00000000 52863.24208224199990980 0.10000 7 
 fake.rf 1440.00000000 52877.01988196584920843 0.10000 7 
 fake.rf 1440.00000000 52890.80894272531260469 0.10000 7 
 fake.rf 1440.00000000 52905.27170854560179691 0.10000 7 
 fake.rf 1440.00000000 52918.76778949116789619 0.10000 7 
 fake.rf 1440.00000000 52932.73040729867758003 0.10000 7 
 fake.rf 1440.00000000 52946.99881616767067172 0.10000 7 
 fake.rf 1440.00000000 52960.87050917611160727 0.10000 7 
 fake.rf 1440.00000000 52974.64755689010336326 0.10000 7 
 fake.rf 1440.00000000 52988.76536609219508378 0.10000 7 
 fake.rf 1440.00000000 53002.99327232627761575 0.10000 7 
