FORMAT 1
MODE 1
 fake.rf 1440.00000000 50001.15971621260661095 0.10000 7 
 fake.rf 1440.00000000 50015.05265568549327782 0.10000 7 
 fake.rf 1440.00000000 50028.73817506251611320 0.10000 7 
 fake.rf 1440.00000000 50043.04453211509533617 0.10000 7 
 fake.rf 1440.00000000 50056.77540605420833941 0.10000 7 
 fake.rf 1440.00000000 50070.65795358344245258 0.10000 7 
 fake.rf 1440.00000000 50084.92475499299036557 0.10000 7 
 fake.rf 1440.00000000 50098.81405040313999422 0.10000 7 
 fake.rf 1440.00000000 50112.92907704085947529 0.10000 7 
 fake.rf 1440.00000000 50126.47263102098967025 0.10000 7 
 fake.rf 1440.00000000 50140.25875272672693228 0.10000 7 
 fake.rf 1440.00000000 50154.61618011968664632 0.10000 7 
 fake.rf 1440.00000000 50168.71808380617940415 0.10000 7 
 fake.rf 1440.00000000 50182.55939975011556342 0.10000 7 
 fake.rf 1440.00000000 50196.33679206844475473 0.10000 7 
 fake.rf 1440.00000000 50210.31077920105721191 0.10000 7 
 fake.rf 1440.00000000 50224.51301681968828206 0.10000 7 
 fake.rf 1440.00000000 50238.31759665776592172 0.10000 7 
 fake.rf 1440.00000000 50252.27582378658946638 0.10000 7 
 fake.rf 1440.00000000 50266.21576807003250664 0.10000 7 
 fake.rf 1440.00000000 50280.03400859882073703 0.10000 7 
 fake.rf 1440.00000000 50294.47492825408752637 0.10000 7 
 fake.rf 1440.00000000 50308.24215942924006839 0.10000 7 
 fake.rf 1440.00000000 50321.89472512718313979 0.10000 7 
 fake.rf 1440.00000000 50335.86995178704983545 0.10000 7 
 fake.rf 1440.00000000 50350.30469343192360299 0.10000 7 
 fake.rf 1440.00000000 50364.26389421994543838 0.10000 7 
 fake.rf 1440.00000000 50378.14903985438058243 0.10000 7 
 fake.rf 1440.00000000 50391.73238865605915393 0.10000 7 
 fake.rf 1440.00000000 50405.84762463731699000 0.10000 7 
 fake.rf 1440.00000000 50419.99890251425041399 0.10000 7 
 fake.rf 1440.00000000 50433.48021270421658357 0.10000 7 
 fake.rf 1440.00000000 50447.52661426543344447 0.10000 7 
 fake.rf 1440.00000000 50461.40163759309567837 0.10000 7 
 fake.rf 1440.00000000 50475.89419761660413855 0.10000 7 
 fake.rf 1440.00000000 50489.70969917326612375 0.10000 7 
 fake.rf 1440.00000000 50503.50549607382231443 0.10000 7 
 fake.rf 1440.00000000 50517.63641688627760118 0.10000 7 
 fake.rf 1440.00000000 50531.37943988113059035 0.10000 7 
 fake.rf 1440.00000000 50545.32848952707682244 0.10000 7 
 fake.rf 1440.00000000 50559.70785700330278800 0.10000 7 
 fake.rf 1440.00000000 50573.27522788671514675 0.10000 7 
 fake.rf 1440.00000000 50587.61993098585384843 0.10000 7 
 fake.rf 1440.00000000 50601.47276152129585469 0.10000 7 
 fake.rf 1440.00000000 50615.58634105512270907 0.10000 7 
 fake.rf 1440.00000000 50629.07999588936927537 0.10000 7 
 fake.rf 1440.00000000 50642.94503963071866082 0.10000 7 
 fake.rf 1440.00000000 50657.29908276527255495 0.10000 7 
 fake.rf 1440.00000000 50671.30221023623489884 0.10000 7 
 fake.rf 1440.00000000 50685.16370715218968357 0.10000 7 
 fake.rf 1440.00000000 50698.82925405602751567 0.10000 7 
 fake.rf 1440.00000000 50712.68884805820219341 0.10000 7 
 fake.rf 1440.00000000 50727.02949074208344982 0.10000 7 
 fake.rf 1440.00000000 50741.16716144680458456 0.10000 7 
 fake.rf 1440.00000000 50754.71754728535073653 0.10000 7 
 fake.rf 1440.00000000 50769.07164263293885398 0.10000 7 
 fake.rf 1440.00000000 50783.01561444544345036 0.10000 7 
 fake.rf 1440.00000000 50796.56342708236051564 0.10000 7 
 fake.rf 1440.00000000 50810.84089417336493355 0.10000 7 
 fake.rf 1440.00000000 50824.40644085818324172 0.10000 7 
 fake.rf 1440.00000000 50838.77438217800482789 0.10000 7 
 fake.rf 1440.00000000 50852.57468657360002240 0.10000 7 
 fake.rf 1440.00000000 50866.32643622018073870 0.10000 7 
 fake.rf 1440.00000000 50880.77900511626635094 0.10000 7 
 fake.rf 1440.00000000 50894.49255890899958032 0.10000 7 
 fake.rf 1440.00000000 50908.77509463087805130 0.10000 7 
 fake.rf 1440.00000000 50922.41472449359654817 0.10000 7 
 fake.rf 1440.00000000 50936.62896794478781004 0.10000 7 
 fake.rf 1440.00000000 50950.41398384145041334 0.10000 7 
 fake.rf 1440.00000000 50964.50152947430511219 0.10000 7 
 fake.rf 1440.00000000 50978.03638198268327386 0.10000 7 
 fake.rf 1440.00000000 50992.23899140771209559 0.10000 7 
 fake.rf 1440.00000000 51005.93213397413389032 0.10000 7 
 fake.rf 1440.00000000 51019.84991567871833951 0.10000 7 
 fake.rf 1440.00000000 51033.94358167690986861 0.10000 7 
 fake.rf 1440.00000000 51047.78852980759435098 0.10000 7 
 fake.rf 1440.00000000 51061.90485910433732286 0.10000 7 
 fake.rf 1440.00000000 51075.90179492925112470 0.10000 7 
 fake.rf 1440.00000000 51090.13901231977657602 0.10000 7 
 fake.rf 1440.00000000 51103.63002844174711825 0.10000 7 
 fake.rf 1440.00000000 51118.19335389363969924 0.10000 7 
 fake.rf 1440.00000000 51132.13434418890352973 0.10000 7 
 fake.rf 1440.00000000 51145.52318041986704600 0.10000 7 
 fake.rf 1440.00000000 51159.79870798069622140 0.10000 7 
 fake.rf 1440.00000000 51173.91559511000550131 0.10000 7 
 fake.rf 1440.00000000 51187.55970984052396489 0.10000 7 
 fake.rf 1440.00000000 51201.56089212067359639 0.10000 7 
 fake.rf 1440.00000000 51215.65997714697646970 0.10000 7 
 fake.rf 1440.00000000 51229.55679728244761506 0.10000 7 
 fake.rf 1440.00000000 51243.87367268874352177 0.10000 7 
 fake.rf 1440.00000000 51257.57653050643380510 0.10000 7 
 fake.rf 1440.00000000 51271.21285132779297555 0.10000 7 
 fake.rf 1440.00000000 51285.36825722205208322 0.10000 7 
 fake.rf 1440.00000000 51299.52775738001389172 0.10000 7 
 fake.rf 1440.00000000 51313.65487325121581108 0.10000 7 
 fake.rf 1440.00000000 51327.56205896667669109 0.10000 7 
 fake.rf 1440.00000000 51341.37565419308037207 0.10000 7 
 fake.rf 1440.00000000 51355.18062601230404951 0.10000 7 
 fake.rf 1440.00000000 51369.34028125586092273 0.10000 7 
 fake.rf 1440.00000000 51382.97711850696708069 0.10000 7 
 fake.rf 1440.00000000 51396.90786199836832893 0.10000 7 
 fake.rf 1440.00000000 51411.30726243208827242 0.10000 7 
 fake.rf 1440.00000000 51425.18493519520359314 0.10000 7 
 fake.rf 1440.00000000 51438.84704730876999079 0.10000 7 
 fake.rf 1440.00000000 51453.20245549346480729 0.10000 7 
 fake.rf 1440.00000000 51467.21202037405954144 0.10000 7 
 fake.rf 1440.00000000 51480.75730664984067886 0.10000 7 
 fake.rf 1440.00000000 51494.60060352743132839 0.10000 7 
 fake.rf 1440.00000000 51508.64533030013121007 0.10000 7 
 fake.rf 1440.00000000 51522.46606000833041961 0.10000 7 
 fake.rf 1440.00000000 51536.50526575496133574 0.10000 7 
 fake.rf 1440.00000000 51550.48487741218543690 0.10000 7 
 fake.rf 1440.00000000 51564.95149018701896892 0.10000 7 
 fake.rf 1440.00000000 51578.41775820527689689 0.10000 7 
 fake.rf 1440.00000000 51592.71112350116257517 0.10000 7 
 fake.rf 1440.00000000 51606.66618274646272724 0.10000 7 
 fake.rf 1440.00000000 51620.48145824410256921 0.10000 7 
 fake.rf 1440.00000000 51634.81423190090463038 0.10000 7 
 fake.rf 1440.00000000 51648.23993559265936781 0.10000 7 
 fake.rf 1440.00000000 51662.65692387653247408 0.10000 7 
 fake.rf 1440.00000000 51676.67813242693091524 0.10000 7 
 fake.rf 1440.00000000 51690.51158662226859519 0.10000 7 
 fake.rf 1440.00000000 51704.60312187737530465 0.10000 7 
 fake.rf 1440.00000000 51718.15129562641868333 0.10000 7 
 fake.rf 1440.00000000 51732.18247612367808230 0.10000 7 
 fake.rf 1440.00000000 51746.43935321879766676 0.10000 7 
 fake.rf 1440.00000000 51759.93293879589807815 0.10000 7 
 fake.rf 1440.00000000 51773.81594059834034027 0.10000 7 
 fake.rf 1440.00000000 51787.91601558140257922 0.10000 7 
 fake.rf 1440.00000000 51802.27414911114228957 0.10000 7 
 fake.rf 1440.00000000 51815.83221423848820919 0.10000 7 
 fake.rf 1440.00000000 51829.90125880840512096 0.10000 7 
 fake.rf 1440.00000000 51844.03035219766452002 0.10000 7 
 fake.rf 1440.00000000 51858.17098278028359815 0.10000 7 
 fake.rf 1440.00000000 51871.94036551512401800 0.10000 7 
 fake.rf 1440.00000000 51885.79642652774334621 0.10000 7 
 fake.rf 1440.00000000 51899.98484800323059218 0.10000 7 
 fake.rf 1440.00000000 51914.00440973972214209 0.10000 7 
 fake.rf 1440.00000000 51927.74199373052221773 0.10000 7 
 fake.rf 1440.00000000 51941.34670136888168201 0.10000 7 
 fake.rf 1440.00000000 51955.89188561871291228 0.10000 7 
 fake.rf 1440.00000000 51969.70690133554300516 0.10000 7 
 fake.rf 1440.00000000 51983.32944676629277581 0.10000 7 
 fake.rf 1440.00000000 51997.71280312410117119 0.10000 7 
 fake.rf 1440.00000000 52011.69897962909581679 0.10000 7 
 fake.rf 1440.00000000 52025.65311636403302487 0.10000 7 
 fake.rf 1440.00000000 52039.36309141461351402 0.10000 7 
 fake.rf 1440.00000000 52053.20276948197610878 0.10000 7 
 fake.rf 1440.00000000 52067.52790595048698918 0.10000 7 
 fake.rf 1440.00000000 52081.36847743410121581 0.10000 7 
 fake.rf 1440.00000000 52094.99670317777817630 0.10000 7 
 fake.rf 1440.00000000 52109.38127421587175547 0.10000 7 
 fake.rf 1440.00000000 52123.09352596894673226 0.10000 7 
 fake.rf 1440.00000000 52136.85151303185912752 0.10000 7 
 fake.rf 1440.00000000 52150.82248396282155767 0.10000 7 
 fake.rf 1440.00000000 52165.27080886535248894 0.10000 7 
 fake.rf 1440.00000000 52179.32389912511801811 0.10000 7 
 fake.rf 1440.00000000 52192.82668172002859919 0.10000 7 
 fake.rf 1440.00000000 52207.19623446333057259 0.10000 7 
 fake.rf 1440.00000000 52220.72095913767414999 0.10000 7 
 fake.rf 1440.00000000 52234.62010130146128262 0.10000 7 
 fake.rf 1440.00000000 52248.58594523462462078 0.10000 7 
 fake.rf 1440.00000000 52262.88460716248815174 0.10000 7 
 fake.rf 1440.00000000 52276.95106879578067449 0.10000 7 
 fake.rf 1440.00000000 52290.42910266732010882 0.10000 7 
 fake.rf 1440.00000000 52304.53537348302777588 0.10000 7 
 fake.rf 1440.00000000 52318.49612219979482575 0.10000 7 
 fake.rf 1440.00000000 52332.86747029344410009 0.10000 7 
 fake.rf 1440.00000000 52346.36486226133207822 0.10000 7 
 fake.rf 1440.00000000 52360.76808761612084453 0.10000 7 
 fake.rf 1440.00000000 52374.78236947381394373 0.10000 7 
 fake.rf 1440.00000000 52388.19650506201563900 0.10000 7 
 fake.rf 1440.00000000 52402.45297229044556886 0.10000 7 
 fake.rf 1440.00000000 52416.12802557842125140 0.10000 7 
 fake.rf 1440.00000000 52430.63041021700680488 0.10000 7 
 fake.rf 1440.00000000 52444.24461335424715713 0.10000 7 
 fake.rf 1440.00000000 52457.91202946878971858 0.10000 7 
 fake.rf 1440.00000000 52472.16261521825047964 0.10000 7 
 fake.rf 1440.00000000 52486.32138914677124220 0.10000 7 
 fake.rf 1440.00000000 52500.35216783861484302 0.10000 7 
 fake.rf 1440.00000000 52513.81488445068351467 0.10000 7 
 fake.rf 1440.00000000 52528.30677680764183535 0.10000 7 
 fake.rf 1440.00000000 52542.09368595643090316 0.10000 7 
 fake.rf 1440.00000000 52555.97354706367762844 0.10000 7 
 fake.rf 1440.00000000 52570.26165260840634730 0.10000 7 
 fake.rf 1440.00000000 52584.05775870391986615 0.10000 7 
 fake.rf 1440.00000000 52597.75750417139986226 0.10000 7 
 fake.rf 1440.00000000 52612.13692596792060030 0.10000 7 
 fake.rf 1440.00000000 52625.47404075630310416 0.10000 7 
 fake.rf 1440.00000000 52639.58156503284301664 0.10000 7 
 fake.rf 1440.00000000 52653.52393759687519648 0.10000 7 
 fake.rf 1440.00000000 52667.46508721830351263 0.10000 7 
 fake.rf 1440.00000000 52681.57668147214184273 0.10000 7 
 fake.rf 1440.00000000 52695.85594209363098273 0.10000 7 
 fake.rf 1440.00000000 52709.23511276233377032 0.10000 7 
 fake.rf 1440.00000000 52723.52963365962072118 0.10000 7 
 fake.rf 1440.00000000 52737.28672443436872541 0.10000 7 
 fake.rf 1440.00000000 52751.33153657477105369 0.10000 7 
 fake.rf 1440.00000000 52765.36896492577132989 0.10000 7 
 fake.rf 1440.00000000 52779.32834044165680965 0.10000 7 
 fake.rf 1440.00000000 52793.14793730934139759 0.10000 7 
 fake.rf 1440.00000000 52807.23787360691315129 0.10000 7 
 fake.rf 1440.00000000 52821.31627741146332156 0.10000 7 
 fake.rf 1440.00000000 52835.43056754833526867 0.10000 7 
 fake.rf 1440.00000000 52849.23378323277320945 0.10000 7 
 fake.rf 1440.00000000 52863.18613111667712090 0.10000 7 
 fake.rf 1440.00000000 52876.95285045821712444 0.10000 7 
 fake.rf 1440.00000000 52891.12837501218013969 0.10000 7 
 fake.rf 1440.00000000 52904.70286798649705062 0.10000 7 
 fake.rf 1440.00000000 52918.66658730465352178 0.10000 7 
 fake.rf 1440.00000000 52932.91111658966645592 0.10000 7 
 fake.rf 1440.00000000 52946.65321894087219334 0.10000 7 
 fake.rf 1440.00000000 52961.14705673209444825 0.10000 7 
 fake.rf 1440.00000000 52974.55005458815753272 0.10000 7 
 fake.rf 1440.00000000 52988.87691070600322973 0.10000 7 
 fake.rf 1440.00000000 53003.03041349248798397 0.10000 7 
