FORMAT 1
MODE 1
 fake.rf 1440.00000000 50001.22553113394598867 0.10000 7 
 fake.rf 1440.00000000 50015.01408759021765960 0.10000 7 
 fake.rf 1440.00000000 50029.11107708947158912 0.10000 7 
 fake.rf 1440.00000000 50042.62308700931588845 0.10000 7 
 fake.rf 1440.00000000 50057.00779105663446700 0.10000 7 
 fake.rf 1440.00000000 50070.78632759378969297 0.10000 7 
 fake.rf 1440.00000000 50084.54266316613446364 0.10000 7 
 fake.rf 1440.00000000 50098.82292010840476593 0.10000 7 
 fake.rf 1440.00000000 50112.48909542506170567 0.10000 7 
 fake.rf 1440.00000000 50126.32788894566934701 0.10000 7 
 fake.rf 1440.00000000 50140.41939371017472027 0.10000 7 
 fake.rf 1440.00000000 50154.78439610886517386 0.10000 7 
 fake.rf 1440.00000000 50168.61816175935096851 0.10000 7 
 fake.rf 1440.00000000 50182.27222682517167129 0.10000 7 
 fake.rf 1440.00000000 50196.29977032027123940 0.10000 7 
 fake.rf 1440.00000000 50210.08245367232903433 0.10000 7 
 fake.rf 1440.00000000 50224.42431385787780584 0.10000 7 
 fake.rf 1440.00000000 50238.03215665501816645 0.10000 7 
 fake.rf 1440.00000000 50252.27669425424103267 0.10000 7 
 fake.rf 1440.00000000 50266.57516207477610948 0.10000 7 
 fake.rf 1440.00000000 50279.92379184568045503 0.10000 7 
 fake.rf 1440.00000000 50293.90981203691314860 0.10000 7 
 fake.rf 1440.00000000 50308.43664950020590609 0.10000 7 
 fake.rf 1440.00000000 50321.92859259217601320 0.10000 7 
 fake.rf 1440.00000000 50335.82685929436864924 0.10000 7 
 fake.rf 1440.00000000 50350.27883516011685927 0.10000 7 
 fake.rf 1440.00000000 50364.09851677546792104 0.10000 7 
 fake.rf 1440.00000000 50378.10601648646990824 0.10000 7 
 fake.rf 1440.00000000 50392.20928760542050640 0.10000 7 
 fake.rf 1440.00000000 50405.61439623272861965 0.10000 7 
 fake.rf 1440.00000000 50419.75968069112017389 0.10000 7 
 fake.rf 1440.00000000 50434.01453250001992501 0.10000 7 
 fake.rf 1440.00000000 50447.91309029842814482 0.10000 7 
 fake.rf 1440.00000000 50461.52692369910348802 0.10000 7 
 fake.rf 1440.00000000 50475.99867804740167898 0.10000 7 
 fake.rf 1440.00000000 50489.65349930953850333 0.10000 7 
 fake.rf 1440.00000000 50503.75076197669944023 0.10000 7 
 fake.rf 1440.00000000 50517.35041134379931904 0.10000 7 
 fake.rf 1440.00000000 50531.32371558008721024 0.10000 7 
 fake.rf 1440.00000000 50545.79204632844465905 0.10000 7 
 fake.rf 1440.00000000 50559.26871528998193739 0.10000 7 
 fake.rf 1440.00000000 50573.37175037743850936 0.10000 7 
 fake.rf 1440.00000000 50587.57664292137276618 0.10000 7 
 fake.rf 1440.00000000 50601.59197025507980428 0.10000 7 
 fake.rf 1440.00000000 50615.38729649795905274 0.10000 7 
 fake.rf 1440.00000000 50628.99129189409092078 0.10000 7 
 fake.rf 1440.00000000 50643.49419533689569306 0.10000 7 
 fake.rf 1440.00000000 50657.00294113140332897 0.10000 7 
 fake.rf 1440.00000000 50670.91967206103485211 0.10000 7 
 fake.rf 1440.00000000 50685.03867255866621377 0.10000 7 
 fake.rf 1440.00000000 50698.88411221890312319 0.10000 7 
 fake.rf 1440.00000000 50712.85436566378248813 0.10000 7 
 fake.rf 1440.00000000 50726.99761237969608985 0.10000 7 
 fake.rf 1440.00000000 50740.74144890779449213 0.10000 7 
 fake.rf 1440.00000000 50754.90853817419698402 0.10000 7 
 fake.rf 1440.00000000 50768.98827765871136819 0.10000 7 
 fake.rf 1440.00000000 50782.55564946505862878 0.10000 7 
 fake.rf 1440.00000000 50796.58064639259211503 0.10000 7 
 fake.rf 1440.00000000 50810.70611166314287743 0.10000 7 
 fake.rf 1440.00000000 50824.41498065576661247 0.10000 7 
 fake.rf 1440.00000000 50838.54997897051336508 0.10000 7 
 fake.rf 1440.00000000 50852.85895479259577101 0.10000 7 
 fake.rf 1440.00000000 50866.86090162914089774 0.10000 7 
 fake.rf 1440.00000000 50880.26601707676118380 0.10000 7 
 fake.rf 1440.00000000 50894.22705236780117133 0.10000 7 
 fake.rf 1440.00000000 50908.73897967461570602 0.10000 7 
 fake.rf 1440.00000000 50922.50380912828446256 0.10000 7 
 fake.rf 1440.00000000 50936.60033317166662670 0.10000 7 
 fake.rf 1440.00000000 50950.08346923512782567 0.10000 7 
 fake.rf 1440.00000000 50964.52649569061789592 0.10000 7 
 fake.rf 1440.00000000 50978.46290987012897844 0.10000 7 
 fake.rf 1440.00000000 50992.12760760901386803 0.10000 7 
 fake.rf 1440.00000000 51006.04522855614961685 0.10000 7 
 fake.rf 1440.00000000 51020.22476126755158532 0.10000 7 
 fake.rf 1440.00000000 51033.94301244570436538 0.10000 7 
 fake.rf 1440.00000000 51048.36085238377883755 0.10000 7 
 fake.rf 1440.00000000 51062.18260658304216193 0.10000 7 
 fake.rf 1440.00000000 51075.77532061508541616 0.10000 7 
 fake.rf 1440.00000000 51089.74013240933652114 0.10000 7 
 fake.rf 1440.00000000 51104.18351024623062528 0.10000 7 
 fake.rf 1440.00000000 51117.93345077238451779 0.10000 7 
 fake.rf 1440.00000000 51131.78192835676451367 0.10000 7 
 fake.rf 1440.00000000 51145.56711904118763101 0.10000 7 
 fake.rf 1440.00000000 51159.49853238673047073 0.10000 7 
 fake.rf 1440.00000000 51173.79573922001464936 0.10000 7 
 fake.rf 1440.00000000 51187.78624524296568410 0.10000 7 
 fake.rf 1440.00000000 51201.83562412045596801 0.10000 7 
 fake.rf 1440.00000000 51215.73842875901391025 0.10000 7 
 fake.rf 1440.00000000 51229.79215784608640405 0.10000 7 
 fake.rf 1440.00000000 51243.33856136816689286 0.10000 7 
 fake.rf 1440.00000000 51257.65512773206506481 0.10000 7 
 fake.rf 1440.00000000 51271.21541451800185385 0.10000 7 
 fake.rf 1440.00000000 51285.77568664061016790 0.10000 7 
 fake.rf 1440.00000000 51299.46575922020946692 0.10000 7 
 fake.rf 1440.00000000 51313.13605417187345026 0.10000 7 
 fake.rf 1440.00000000 51327.02892102732671020 0.10000 7 
 fake.rf 1440.00000000 51341.26914699028432310 0.10000 7 
 fake.rf 1440.00000000 51355.40916408485240296 0.10000 7 
 fake.rf 1440.00000000 51369.43678107048492265 0.10000 7 
 fake.rf 1440.00000000 51383.19836917479490168 0.10000 7 
 fake.rf 1440.00000000 51397.15297211801534516 0.10000 7 
 fake.rf 1440.00000000 51411.15522929216162140 0.10000 7 
 fake.rf 1440.00000000 51425.28640789810630451 0.10000 7 
 fake.rf 1440.00000000 51439.19685783387415867 0.10000 7 
 fake.rf 1440.00000000 51452.75020718008292420 0.10000 7 
 fake.rf 1440.00000000 51466.63786298588996004 0.10000 7 
 fake.rf 1440.00000000 51481.00437888154933930 0.10000 7 
 fake.rf 1440.00000000 51495.08437522267053410 0.10000 7 
 fake.rf 1440.00000000 51508.60297114449127065 0.10000 7 
 fake.rf 1440.00000000 51522.97252487516729502 0.10000 7 
 fake.rf 1440.00000000 51536.86745850848138417 0.10000 7 
 fake.rf 1440.00000000 51550.84088764684084794 0.10000 7 
 fake.rf 1440.00000000 51564.43047837963982971 0.10000 7 
 fake.rf 1440.00000000 51578.81549537775804382 0.10000 7 
 fake.rf 1440.00000000 51592.75856393342186834 0.10000 7 
 fake.rf 1440.00000000 51606.68358756012414545 0.10000 7 
 fake.rf 1440.00000000 51620.43066999621939317 0.10000 7 
 fake.rf 1440.00000000 51634.46134352583910854 0.10000 7 
 fake.rf 1440.00000000 51648.32739786552781425 0.10000 7 
 fake.rf 1440.00000000 51662.16643546173632018 0.10000 7 
 fake.rf 1440.00000000 51676.44840522312748021 0.10000 7 
 fake.rf 1440.00000000 51690.66925199834268767 0.10000 7 
 fake.rf 1440.00000000 51704.10680237983457275 0.10000 7 
 fake.rf 1440.00000000 51718.32060371839793333 0.10000 7 
 fake.rf 1440.00000000 51732.26974913773816311 0.10000 7 
 fake.rf 1440.00000000 51746.08248721575110451 0.10000 7 
 fake.rf 1440.00000000 51760.22738148610417142 0.10000 7 
 fake.rf 1440.00000000 51773.78831226495451290 0.10000 7 
 fake.rf 1440.00000000 51787.77929349417155791 0.10000 7 
 fake.rf 1440.00000000 51801.99003078905946396 0.10000 7 
 fake.rf 1440.00000000 51816.01744241874569852 0.10000 7 
 fake.rf 1440.00000000 51830.00125267048470690 0.10000 7 
 fake.rf 1440.00000000 51844.25247319240370558 0.10000 7 
 fake.rf 1440.00000000 51857.78262278875438440 0.10000 7 
 fake.rf 1440.00000000 51871.71510906217277892 0.10000 7 
 fake.rf 1440.00000000 51885.55790506292050779 0.10000 7 
 fake.rf 1440.00000000 51899.68060321808705027 0.10000 7 
 fake.rf 1440.00000000 51914.01783142610491240 0.10000 7 
 fake.rf 1440.00000000 51927.97884983193791442 0.10000 7 
 fake.rf 1440.00000000 51941.65836987635371358 0.10000 7 
 fake.rf 1440.00000000 51955.73671130213881497 0.10000 7 
 fake.rf 1440.00000000 51969.63088935972390203 0.10000 7 
 fake.rf 1440.00000000 51983.32206469102369795 0.10000 7 
 fake.rf 1440.00000000 51997.69488953596113845 0.10000 7 
 fake.rf 1440.00000000 52011.34564398483136571 0.10000 7 
 fake.rf 1440.00000000 52025.68478060683194641 0.10000 7 
 fake.rf 1440.00000000 52039.35418845828804280 0.10000 7 
 fake.rf 1440.00000000 52053.45691815858808127 0.10000 7 
 fake.rf 1440.00000000 52067.19828762186068971 0.10000 7 
 fake.rf 1440.00000000 52081.43864256260778944 0.10000 7 
 fake.rf 1440.00000000 52095.41863588763104786 0.10000 7 
 fake.rf 1440.00000000 52109.48020121101281887 0.10000 7 
 fake.rf 1440.00000000 52123.31296238078511607 0.10000 7 
 fake.rf 1440.00000000 52137.43539877064830890 0.10000 7 
 fake.rf 1440.00000000 52151.08232486945030004 0.10000 7 
 fake.rf 1440.00000000 52164.90245751275898911 0.10000 7 
 fake.rf 1440.00000000 52178.87585807008546723 0.10000 7 
 fake.rf 1440.00000000 52192.70590444289032561 0.10000 7 
 fake.rf 1440.00000000 52206.79186061042210198 0.10000 7 
 fake.rf 1440.00000000 52220.79446846805194937 0.10000 7 
 fake.rf 1440.00000000 52234.87347823430355476 0.10000 7 
 fake.rf 1440.00000000 52249.02507206185144994 0.10000 7 
 fake.rf 1440.00000000 52263.04971624272675967 0.10000 7 
 fake.rf 1440.00000000 52276.75150591874769290 0.10000 7 
 fake.rf 1440.00000000 52290.47147540858900072 0.10000 7 
 fake.rf 1440.00000000 52304.46683196589225417 0.10000 7 
 fake.rf 1440.00000000 52318.71631035224836026 0.10000 7 
 fake.rf 1440.00000000 52332.59720404197713606 0.10000 7 
 fake.rf 1440.00000000 52346.30134818686424936 0.10000 7 
 fake.rf 1440.00000000 52360.55007112234583744 0.10000 7 
 fake.rf 1440.00000000 52374.14871095121936406 0.10000 7 
 fake.rf 1440.00000000 52388.63608918319086527 0.10000 7 
 fake.rf 1440.00000000 52402.15054956569522204 0.10000 7 
 fake.rf 1440.00000000 52416.14525743540968250 0.10000 7 
 fake.rf 1440.00000000 52430.37701999330586133 0.10000 7 
 fake.rf 1440.00000000 52444.24712753851117242 0.10000 7 
 fake.rf 1440.00000000 52457.95253143336933022 0.10000 7 
 fake.rf 1440.00000000 52471.89192790995628357 0.10000 7 
 fake.rf 1440.00000000 52485.90299118688456304 0.10000 7 
 fake.rf 1440.00000000 52500.05465726685214634 0.10000 7 
 fake.rf 1440.00000000 52514.27263475741854393 0.10000 7 
 fake.rf 1440.00000000 52528.30191741663751159 0.10000 7 
 fake.rf 1440.00000000 52541.88670828722336381 0.10000 7 
 fake.rf 1440.00000000 52555.97567294300392504 0.10000 7 
 fake.rf 1440.00000000 52570.16561816126326079 0.10000 7 
 fake.rf 1440.00000000 52584.10222778647460018 0.10000 7 
 fake.rf 1440.00000000 52598.04955119014685749 0.10000 7 
 fake.rf 1440.00000000 52611.58445627951968859 0.10000 7 
 fake.rf 1440.00000000 52626.05600508025893447 0.10000 7 
 fake.rf 1440.00000000 52639.46084401710206180 0.10000 7 
 fake.rf 1440.00000000 52653.70324973493262277 0.10000 7 
 fake.rf 1440.00000000 52667.62536761758238413 0.10000 7 
 fake.rf 1440.00000000 52681.88669313394099447 0.10000 7 
 fake.rf 1440.00000000 52695.52530253263041971 0.10000 7 
 fake.rf 1440.00000000 52709.85410282259000780 0.10000 7 
 fake.rf 1440.00000000 52723.20695723905022945 0.10000 7 
 fake.rf 1440.00000000 52737.54581583105989040 0.10000 7 
 fake.rf 1440.00000000 52751.49565397863106853 0.10000 7 
 fake.rf 1440.00000000 52765.43429476966703717 0.10000 7 
 fake.rf 1440.00000000 52779.51552363533913947 0.10000 7 
 fake.rf 1440.00000000 52793.08564406060773067 0.10000 7 
 fake.rf 1440.00000000 52807.32781739284212108 0.10000 7 
 fake.rf 1440.00000000 52821.26798391485044348 0.10000 7 
 fake.rf 1440.00000000 52835.05745746463742663 0.10000 7 
 fake.rf 1440.00000000 52849.33256475503181093 0.10000 7 
 fake.rf 1440.00000000 52862.87605322863630519 0.10000 7 
 fake.rf 1440.00000000 52877.24052701940595256 0.10000 7 
 fake.rf 1440.00000000 52891.25926427124374385 0.10000 7 
 fake.rf 1440.00000000 52904.78037525761981286 0.10000 7 
 fake.rf 1440.00000000 52919.19413842863443520 0.10000 7 
 fake.rf 1440.00000000 52932.73610120076762797 0.10000 7 
 fake.rf 1440.00000000 52947.18008238799713894 0.10000 7 
 fake.rf 1440.00000000 52960.99468763022860074 0.10000 7 
 fake.rf 1440.00000000 52974.82633397071237980 0.10000 7 
 fake.rf 1440.00000000 52988.73083927246769065 0.10000 7 
 fake.rf 1440.00000000 53002.77361575244944092 0.10000 7 
