FORMAT 1
MODE 1
 fake.rf 1440.00000000 50001.19846938710036000 0.10000 7 
 fake.rf 1440.00000000 50015.26329699015950325 0.10000 7 
 fake.rf 1440.00000000 50029.16778104876656030 0.10000 7 
 fake.rf 1440.00000000 50043.11378509869161491 0.10000 7 
 fake.rf 1440.00000000 50056.65769639313329620 0.10000 7 
 fake.rf 1440.00000000 50070.54277899543938091 0.10000 7 
 fake.rf 1440.00000000 50084.46815898298523351 0.10000 7 
 fake.rf 1440.00000000 50098.82855731884253103 0.10000 7 
 fake.rf 1440.00000000 50112.36445996345548082 0.10000 7 
 fake.rf 1440.00000000 50126.37390317673422757 0.10000 7 
 fake.rf 1440.00000000 50140.40038170653588168 0.10000 7 
 fake.rf 1440.00000000 50154.39826800025313602 0.10000 7 
 fake.rf 1440.00000000 50168.49074942513835751 0.10000 7 
 fake.rf 1440.00000000 50182.59288252332428470 0.10000 7 
 fake.rf 1440.00000000 50196.58837013691874773 0.10000 7 
 fake.rf 1440.00000000 50210.53867469052328687 0.10000 7 
 fake.rf 1440.00000000 50224.10230339284731116 0.10000 7 
 fake.rf 1440.00000000 50238.21442092704740290 0.10000 7 
 fake.rf 1440.00000000 50252.31724164342275785 0.10000 7 
 fake.rf 1440.00000000 50266.38897865937353160 0.10000 7 
 fake.rf 1440.00000000 50280.49167008063694695 0.10000 7 
 fake.rf 1440.00000000 50294.39943627753785194 0.10000 7 
 fake.rf 1440.00000000 50308.01825740789717401 0.10000 7 
 fake.rf 1440.00000000 50322.40033456914679633 0.10000 7 
 fake.rf 1440.00000000 50336.31004609952324813 0.10000 7 
 fake.rf 1440.00000000 50350.21162250183571274 0.10000 7 
 fake.rf 1440.00000000 50363.70736141386854712 0.10000 7 
 fake.rf 1440.00000000 50378.14913687064303716 0.10000 7 
 fake.rf 1440.00000000 50392.15860377859132768 0.10000 7 
 fake.rf 1440.00000000 50406.01942489159829819 0.10000 7 
 fake.rf 1440.00000000 50419.98626243174092210 0.10000 7 
 fake.rf 1440.00000000 50433.93795225549642325 0.10000 7 
 fake.rf 1440.00000000 50447.90182706288702263 0.10000 7 
 fake.rf 1440.00000000 50461.81137466561490612 0.10000 7 
 fake.rf 1440.00000000 50475.74729472197639879 0.10000 7 
 fake.rf 1440.00000000 50489.95997340512466423 0.10000 7 
 fake.rf 1440.00000000 50503.79282985200869405 0.10000 7 
 fake.rf 1440.00000000 50517.69235585424882373 0.10000 7 
 fake.rf 1440.00000000 50531.63699231633937714 0.10000 7 
 fake.rf 1440.00000000 50545.71064394571499179 0.10000 7 
 fake.rf 1440.00000000 50559.65783941037747340 0.10000 7 
 fake.rf 1440.00000000 50573.66718034179918462 0.10000 7 
 fake.rf 1440.00000000 50587.11027769881982152 0.10000 7 
 fake.rf 1440.00000000 50601.18818063870038060 0.10000 7 
 fake.rf 1440.00000000 50615.33788076598776229 0.10000 7 
 fake.rf 1440.00000000 50629.48135842942808438 0.10000 7 
 fake.rf 1440.00000000 50642.88112547518798223 0.10000 7 
 fake.rf 1440.00000000 50657.29934692706070365 0.10000 7 
 fake.rf 1440.00000000 50670.92650147050994747 0.10000 7 
 fake.rf 1440.00000000 50685.13398202941536042 0.10000 7 
 fake.rf 1440.00000000 50698.99549991675840488 0.10000 7 
 fake.rf 1440.00000000 50712.76357191268655455 0.10000 7 
 fake.rf 1440.00000000 50726.91704470990315201 0.10000 7 
 fake.rf 1440.00000000 50741.10227623987973189 0.10000 7 
 fake.rf 1440.00000000 50754.62398508278225506 0.10000 7 
 fake.rf 1440.00000000 50768.72539540482985743 0.10000 7 
 fake.rf 1440.00000000 50782.85042953787041498 0.10000 7 
 fake.rf 1440.00000000 50796.57276978619957220 0.10000 7 
 fake.rf 1440.00000000 50810.48751525811931629 0.10000 7 
 fake.rf 1440.00000000 50824.66024216833458027 0.10000 7 
 fake.rf 1440.00000000 50838.94829641324929881 0.10000 7 
 fake.rf 1440.00000000 50852.86810541979080114 0.10000 7 
 fake.rf 1440.00000000 50866.36408149073309204 0.10000 7 
 fake.rf 1440.00000000 50880.65423650876298467 0.10000 7 
 fake.rf 1440.00000000 50894.52181920777571378 0.10000 7 
 fake.rf 1440.00000000 50908.65860811090820803 0.10000 7 
 fake.rf 1440.00000000 50922.53300129973055022 0.10000 7 
 fake.rf 1440.00000000 50936.27166659083278688 0.10000 7 
 fake.rf 1440.00000000 50950.34620740463199340 0.10000 7 
 fake.rf 1440.00000000 50964.20346313992714471 0.10000 7 
 fake.rf 1440.00000000 50978.05400603190213360 0.10000 7 
 fake.rf 1440.00000000 50992.11396847819808542 0.10000 7 
 fake.rf 1440.00000000 51006.01879148840665579 0.10000 7 
 fake.rf 1440.00000000 51020.01732423243756287 0.10000 7 
 fake.rf 1440.00000000 51034.19341578119822245 0.10000 7 
 fake.rf 1440.00000000 51048.28616478050555116 0.10000 7 
 fake.rf 1440.00000000 51061.79973472388420674 0.10000 7 
 fake.rf 1440.00000000 51076.08048599639078091 0.10000 7 
 fake.rf 1440.00000000 51089.96301582946358621 0.10000 7 
 fake.rf 1440.00000000 51103.80863302390758207 0.10000 7 
 fake.rf 1440.00000000 51117.66842423797103123 0.10000 7 
 fake.rf 1440.00000000 51132.11736474421026344 0.10000 7 
 fake.rf 1440.00000000 51145.76928025766209984 0.10000 7 
 fake.rf 1440.00000000 51159.82077020408515722 0.10000 7 
 fake.rf 1440.00000000 51173.82650162020544471 0.10000 7 
 fake.rf 1440.00000000 51187.70501860111240333 0.10000 7 
 fake.rf 1440.00000000 51201.89614499050537333 0.10000 7 
 fake.rf 1440.00000000 51215.39846990889941125 0.10000 7 
 fake.rf 1440.00000000 51229.70421991631487302 0.10000 7 
 fake.rf 1440.00000000 51243.84831765663315650 0.10000 7 
 fake.rf 1440.00000000 51257.56159566588491572 0.10000 7 
 fake.rf 1440.00000000 51271.52695926635567858 0.10000 7 
 fake.rf 1440.00000000 51285.62909232586776298 0.10000 7 
 fake.rf 1440.00000000 51299.54323907932986870 0.10000 7 
 fake.rf 1440.00000000 51313.17031712625535533 0.10000 7 
 fake.rf 1440.00000000 51327.17825880613971634 0.10000 7 
 fake.rf 1440.00000000 51341.26742061849548193 0.10000 7 
 fake.rf 1440.00000000 51355.47378461994095389 0.10000 7 
 fake.rf 1440.00000000 51369.25861745270791658 0.10000 7 
 fake.rf 1440.00000000 51383.46054626962365219 0.10000 7 
 fake.rf 1440.00000000 51396.89572536966576166 0.10000 7 
 fake.rf 1440.00000000 51411.23599396115688265 0.10000 7 
 fake.rf 1440.00000000 51424.86944449996355289 0.10000 7 
 fake.rf 1440.00000000 51438.91433922715544469 0.10000 7 
 fake.rf 1440.00000000 51453.29136671514278589 0.10000 7 
 fake.rf 1440.00000000 51467.13913500940175538 0.10000 7 
 fake.rf 1440.00000000 51480.64833820678033760 0.10000 7 
 fake.rf 1440.00000000 51494.57716159275088685 0.10000 7 
 fake.rf 1440.00000000 51508.74390714447335782 0.10000 7 
 fake.rf 1440.00000000 51522.84053288292686545 0.10000 7 
 fake.rf 1440.00000000 51536.65319950104278846 0.10000 7 
 fake.rf 1440.00000000 51550.71796234405202242 0.10000 7 
 fake.rf 1440.00000000 51564.63508797719826049 0.10000 7 
 fake.rf 1440.00000000 51578.80456290137002640 0.10000 7 
 fake.rf 1440.00000000 51592.29237511340843270 0.10000 7 
 fake.rf 1440.00000000 51606.25345825355691076 0.10000 7 
 fake.rf 1440.00000000 51620.33967622920050289 0.10000 7 
 fake.rf 1440.00000000 51634.72350746798480259 0.10000 7 
 fake.rf 1440.00000000 51648.22514162764531065 0.10000 7 
 fake.rf 1440.00000000 51662.65533558719020846 0.10000 7 
 fake.rf 1440.00000000 51676.55482412641755374 0.10000 7 
 fake.rf 1440.00000000 51690.47462906015206485 0.10000 7 
 fake.rf 1440.00000000 51704.24174591465305539 0.10000 7 
 fake.rf 1440.00000000 51718.28159367307638306 0.10000 7 
 fake.rf 1440.00000000 51732.15377146826661203 0.10000 7 
 fake.rf 1440.00000000 51746.25285906775338418 0.10000 7 
 fake.rf 1440.00000000 51760.33887441696428411 0.10000 7 
 fake.rf 1440.00000000 51774.33844007296548639 0.10000 7 
 fake.rf 1440.00000000 51788.01545110185831433 0.10000 7 
 fake.rf 1440.00000000 51801.92452551072210198 0.10000 7 
 fake.rf 1440.00000000 51816.16424598050160100 0.10000 7 
 fake.rf 1440.00000000 51829.98132878646379140 0.10000 7 
 fake.rf 1440.00000000 51843.60223114418820600 0.10000 7 
 fake.rf 1440.00000000 51858.18029488164156859 0.10000 7 
 fake.rf 1440.00000000 51872.08049870315818808 0.10000 7 
 fake.rf 1440.00000000 51886.11665459343304363 0.10000 7 
 fake.rf 1440.00000000 51899.91404598172058726 0.10000 7 
 fake.rf 1440.00000000 51914.02834567303770896 0.10000 7 
 fake.rf 1440.00000000 51927.36488422587799008 0.10000 7 
 fake.rf 1440.00000000 51941.36724720260712473 0.10000 7 
 fake.rf 1440.00000000 51955.61639868646314611 0.10000 7 
 fake.rf 1440.00000000 51969.47049695866526875 0.10000 7 
 fake.rf 1440.00000000 51983.57584869341321010 0.10000 7 
 fake.rf 1440.00000000 51997.78035202958611904 0.10000 7 
 fake.rf 1440.00000000 52011.17548438806398181 0.10000 7 
 fake.rf 1440.00000000 52025.47354101516102531 0.10000 7 
 fake.rf 1440.00000000 52039.67735359400169060 0.10000 7 
 fake.rf 1440.00000000 52053.19693002967171935 0.10000 7 
 fake.rf 1440.00000000 52067.25037728946155724 0.10000 7 
 fake.rf 1440.00000000 52080.99405014076381448 0.10000 7 
 fake.rf 1440.00000000 52094.98204657698237696 0.10000 7 
 fake.rf 1440.00000000 52108.97320865153182723 0.10000 7 
 fake.rf 1440.00000000 52123.34157904922998483 0.10000 7 
 fake.rf 1440.00000000 52137.13491832365616929 0.10000 7 
 fake.rf 1440.00000000 52151.20415400229982694 0.10000 7 
 fake.rf 1440.00000000 52164.81626170705142798 0.10000 7 
 fake.rf 1440.00000000 52178.74691473933567565 0.10000 7 
 fake.rf 1440.00000000 52192.94039202542044009 0.10000 7 
 fake.rf 1440.00000000 52207.25695807049186214 0.10000 7 
 fake.rf 1440.00000000 52220.90284801944737225 0.10000 7 
 fake.rf 1440.00000000 52235.04362582287369676 0.10000 7 
 fake.rf 1440.00000000 52248.97147159460277166 0.10000 7 
 fake.rf 1440.00000000 52262.47267065785016626 0.10000 7 
 fake.rf 1440.00000000 52276.93924350176432725 0.10000 7 
 fake.rf 1440.00000000 52290.81671244807391830 0.10000 7 
 fake.rf 1440.00000000 52304.92300794470170899 0.10000 7 
 fake.rf 1440.00000000 52318.79729606665857133 0.10000 7 
 fake.rf 1440.00000000 52332.51038242282233170 0.10000 7 
 fake.rf 1440.00000000 52346.76920381019743544 0.10000 7 
 fake.rf 1440.00000000 52360.68492336859829450 0.10000 7 
 fake.rf 1440.00000000 52374.43859859313030469 0.10000 7 
 fake.rf 1440.00000000 52388.31813095197365016 0.10000 7 
 fake.rf 1440.00000000 52402.12617471877136666 0.10000 7 
 fake.rf 1440.00000000 52416.69009453138963650 0.10000 7 
 fake.rf 1440.00000000 52430.14568930817697279 0.10000 7 
 fake.rf 1440.00000000 52444.05375821955325222 0.10000 7 
 fake.rf 1440.00000000 52458.28729413512197155 0.10000 7 
 fake.rf 1440.00000000 52471.98492779219454718 0.10000 7 
 fake.rf 1440.00000000 52486.11746578103025485 0.10000 7 
 fake.rf 1440.00000000 52500.44267514073136383 0.10000 7 
 fake.rf 1440.00000000 52513.92220770152563958 0.10000 7 
 fake.rf 1440.00000000 52528.08096804642092081 0.10000 7 
 fake.rf 1440.00000000 52541.76889880538243105 0.10000 7 
 fake.rf 1440.00000000 52555.65502787419382358 0.10000 7 
 fake.rf 1440.00000000 52569.64535358454716274 0.10000 7 
 fake.rf 1440.00000000 52584.10741281153556415 0.10000 7 
 fake.rf 1440.00000000 52597.64387556723183081 0.10000 7 
 fake.rf 1440.00000000 52611.60308036463095860 0.10000 7 
 fake.rf 1440.00000000 52625.63017621902388399 0.10000 7 
 fake.rf 1440.00000000 52639.52143110671442017 0.10000 7 
 fake.rf 1440.00000000 52653.83141887202541653 0.10000 7 
 fake.rf 1440.00000000 52667.37085169310234534 0.10000 7 
 fake.rf 1440.00000000 52681.89484530117112371 0.10000 7 
 fake.rf 1440.00000000 52695.74425787626953976 0.10000 7 
 fake.rf 1440.00000000 52709.78848976766878209 0.10000 7 
 fake.rf 1440.00000000 52723.56151156089801546 0.10000 7 
 fake.rf 1440.00000000 52737.55544598706017467 0.10000 7 
 fake.rf 1440.00000000 52751.51219192021731530 0.10000 7 
 fake.rf 1440.00000000 52765.70319287673256525 0.10000 7 
 fake.rf 1440.00000000 52779.32750791867475471 0.10000 7 
 fake.rf 1440.00000000 52793.23819957823222637 0.10000 7 
 fake.rf 1440.00000000 52807.22110197097453366 0.10000 7 
 fake.rf 1440.00000000 52821.42984189981665466 0.10000 7 
 fake.rf 1440.00000000 52835.18680327772616323 0.10000 7 
 fake.rf 1440.00000000 52849.10518495600430811 0.10000 7 
 fake.rf 1440.00000000 52862.80774590709451033 0.10000 7 
 fake.rf 1440.00000000 52877.17766907678568344 0.10000 7 
 fake.rf 1440.00000000 52891.36781249173142783 0.10000 7 
 fake.rf 1440.00000000 52904.80623310558251049 0.10000 7 
 fake.rf 1440.00000000 52918.68025372634594916 0.10000 7 
 fake.rf 1440.00000000 52933.23383265374981477 0.10000 7 
 fake.rf 1440.00000000 52946.85667835775713996 0.10000 7 
 fake.rf 1440.00000000 52960.92768530190932097 0.10000 7 
 fake.rf 1440.00000000 52974.54075452823629178 0.10000 7 
 fake.rf 1440.00000000 52988.75462218651005486 0.10000 7 
 fake.rf 1440.00000000 53002.85418095170645714 0.10000 7 
