FORMAT 1
MODE 1
 fake.rf 1440.00000000 50000.85164461646714784 0.10000 7 
 fake.rf 1440.00000000 50014.74169937558921717 0.10000 7 
 fake.rf 1440.00000000 50029.02427375623408778 0.10000 7 
 fake.rf 1440.00000000 50042.67386388745699932 0.10000 7 
 fake.rf 1440.00000000 50056.67365033514515815 0.10000 7 
 fake.rf 1440.00000000 50070.57018983655859046 0.10000 7 
 fake.rf 1440.00000000 50084.84679067676963271 0.10000 7 
 fake.rf 1440.00000000 50098.47946197808965607 0.10000 7 
 fake.rf 1440.00000000 50112.71950358433165462 0.10000 7 
 fake.rf 1440.00000000 50126.69646412871449570 0.10000 7 
 fake.rf 1440.00000000 50140.38688260671547781 0.10000 7 
 fake.rf 1440.00000000 50154.33734224630060794 0.10000 7 
 fake.rf 1440.00000000 50168.30236691317411868 0.10000 7 
 fake.rf 1440.00000000 50182.63631894706466596 0.10000 7 
 fake.rf 1440.00000000 50196.70623343477114631 0.10000 7 
 fake.rf 1440.00000000 50210.27960469038271540 0.10000 7 
 fake.rf 1440.00000000 50224.22728940905256678 0.10000 7 
 fake.rf 1440.00000000 50238.27559660302064515 0.10000 7 
 fake.rf 1440.00000000 50252.34333400260717539 0.10000 7 
 fake.rf 1440.00000000 50265.93768547345285924 0.10000 7 
 fake.rf 1440.00000000 50280.23437383232430165 0.10000 7 
 fake.rf 1440.00000000 50294.03814449178979373 0.10000 7 
 fake.rf 1440.00000000 50308.35612594946207921 0.10000 7 
 fake.rf 1440.00000000 50322.21215130903984303 0.10000 7 
 fake.rf 1440.00000000 50335.80124455074511758 0.10000 7 
 fake.rf 1440.00000000 50349.69941484763308281 0.10000 7 
 fake.rf 1440.00000000 50364.03764748626379344 0.10000 7 
 fake.rf 1440.00000000 50378.14623872484855838 0.10000 7 
 fake.rf 1440.00000000 50391.91428140792568158 0.10000 7 
 fake.rf 1440.00000000 50406.19524542247114951 0.10000 7 
 fake.rf 1440.00000000 50419.71817258017359009 0.10000 7 
 fake.rf 1440.00000000 50433.99759000349868288 0.10000 7 
 fake.rf 1440.00000000 50447.54016810053039421 0.10000 7 
 fake.rf 1440.00000000 50462.05056236749884491 0.10000 7 
 fake.rf 1440.00000000 50476.01779607338457367 0.10000 7 
 fake.rf 1440.00000000 50489.59838662511750940 0.10000 7 
 fake.rf 1440.00000000 50503.37687984471953229 0.10000 7 
 fake.rf 1440.00000000 50517.65894045390163924 0.10000 7 
 fake.rf 1440.00000000 50531.57709508687760902 0.10000 7 
 fake.rf 1440.00000000 50545.63385597889852718 0.10000 7 
 fake.rf 1440.00000000 50559.26443640035634175 0.10000 7 
 fake.rf 1440.00000000 50573.57790225242865390 0.10000 7 
 fake.rf 1440.00000000 50587.62334883844341249 0.10000 7 
 fake.rf 1440.00000000 50601.25718014776892062 0.10000 7 
 fake.rf 1440.00000000 50615.27615733007026932 0.10000 7 
 fake.rf 1440.00000000 50629.42974458469432975 0.10000 7 
 fake.rf 1440.00000000 50643.34183973856630701 0.10000 7 
 fake.rf 1440.00000000 50657.34672781771977412 0.10000 7 
 fake.rf 1440.00000000 50670.92018151497646983 0.10000 7 
 fake.rf 1440.00000000 50684.93824023556881642 0.10000 7 
 fake.rf 1440.00000000 50699.24237255939254609 0.10000 7 
 fake.rf 1440.00000000 50713.15074063768079782 0.10000 7 
 fake.rf 1440.00000000 50727.01079611142939996 0.10000 7 
 fake.rf 1440.00000000 50741.00446928295300353 0.10000 7 
 fake.rf 1440.00000000 50754.80708880683152628 0.10000 7 
 fake.rf 1440.00000000 50768.96113023712242196 0.10000 7 
 fake.rf 1440.00000000 50782.89119979351321632 0.10000 7 
 fake.rf 1440.00000000 50797.07027796570552169 0.10000 7 
 fake.rf 1440.00000000 50810.70447009589403109 0.10000 7 
 fake.rf 1440.00000000 50824.44080838733728811 0.10000 7 
 fake.rf 1440.00000000 50838.93907661573909706 0.10000 7 
 fake.rf 1440.00000000 50852.80108855626067310 0.10000 7 
 fake.rf 1440.00000000 50866.85507042815184775 0.10000 7 
 fake.rf 1440.00000000 50880.26747612340370353 0.10000 7 
 fake.rf 1440.00000000 50894.67810841849813031 0.10000 7 
 fake.rf 1440.00000000 50908.73755002618224097 0.10000 7 
 fake.rf 1440.00000000 50922.43543904995473781 0.10000 7 
 fake.rf 1440.00000000 50936.66279060843154980 0.10000 7 
 fake.rf 1440.00000000 50950.37585215698579333 0.10000 7 
 fake.rf 1440.00000000 50964.03012195399379891 0.10000 7 
 fake.rf 1440.00000000 50978.35246043090750234 0.10000 7 
 fake.rf 1440.00000000 50992.40099521882448741 0.10000 7 
 fake.rf 1440.00000000 51006.40695690827852005 0.10000 7 
 fake.rf 1440.00000000 51020.14630139284586363 0.10000 7 
 fake.rf 1440.00000000 51033.86689347083589396 0.10000 7 
 fake.rf 1440.00000000 51047.93005849481282610 0.10000 7 
 fake.rf 1440.00000000 51061.86121619048045872 0.10000 7 
 fake.rf 1440.00000000 51076.19879623776172650 0.10000 7 
 fake.rf 1440.00000000 51090.30507534556376825 0.10000 7 
 fake.rf 1440.00000000 51103.84791293044225569 0.10000 7 
 fake.rf 1440.00000000 51118.24177771802745340 0.10000 7 
 fake.rf 1440.00000000 51132.02374849376454691 0.10000 7 
 fake.rf 1440.00000000 51146.17984696678007950 0.10000 7 
 fake.rf 1440.00000000 51159.80532657240057048 0.10000 7 
 fake.rf 1440.00000000 51173.61919659461585752 0.10000 7 
 fake.rf 1440.00000000 51187.61614063044158485 0.10000 7 
 fake.rf 1440.00000000 51201.43388778803021211 0.10000 7 
 fake.rf 1440.00000000 51215.88272008429665405 0.10000 7 
 fake.rf 1440.00000000 51229.43030167611743764 0.10000 7 
 fake.rf 1440.00000000 51243.58713362594530238 0.10000 7 
 fake.rf 1440.00000000 51257.81053033107409789 0.10000 7 
 fake.rf 1440.00000000 51271.22793951973062931 0.10000 7 
 fake.rf 1440.00000000 51285.28500951319277590 0.10000 7 
 fake.rf 1440.00000000 51299.60061412178488283 0.10000 7 
 fake.rf 1440.00000000 51313.13532171988773456 0.10000 7 
 fake.rf 1440.00000000 51327.64125016003837132 0.10000 7 
 fake.rf 1440.00000000 51341.38785572845665683 0.10000 7 
 fake.rf 1440.00000000 51355.32534513058003256 0.10000 7 
 fake.rf 1440.00000000 51369.43018454136022299 0.10000 7 
 fake.rf 1440.00000000 51382.92807769280042152 0.10000 7 
 fake.rf 1440.00000000 51397.22472956433623992 0.10000 7 
 fake.rf 1440.00000000 51411.02346689545675673 0.10000 7 
 fake.rf 1440.00000000 51425.27478763623954805 0.10000 7 
 fake.rf 1440.00000000 51438.94896061659640196 0.10000 7 
 fake.rf 1440.00000000 51453.19193510423221127 0.10000 7 
 fake.rf 1440.00000000 51467.20207400338702897 0.10000 7 
 fake.rf 1440.00000000 51480.97763796308745299 0.10000 7 
 fake.rf 1440.00000000 51495.18999635061481612 0.10000 7 
 fake.rf 1440.00000000 51508.90927464875642627 0.10000 7 
 fake.rf 1440.00000000 51522.82934383199086170 0.10000 7 
 fake.rf 1440.00000000 51536.62276579037015267 0.10000 7 
 fake.rf 1440.00000000 51550.77413493641473607 0.10000 7 
 fake.rf 1440.00000000 51564.51440104900357042 0.10000 7 
 fake.rf 1440.00000000 51578.50214745401094518 0.10000 7 
 fake.rf 1440.00000000 51592.31722234388107395 0.10000 7 
 fake.rf 1440.00000000 51606.57625124427645247 0.10000 7 
 fake.rf 1440.00000000 51620.59916769451371366 0.10000 7 
 fake.rf 1440.00000000 51634.27021579790422834 0.10000 7 
 fake.rf 1440.00000000 51648.34963639504564981 0.10000 7 
 fake.rf 1440.00000000 51662.62502715267626385 0.10000 7 
 fake.rf 1440.00000000 51676.49113327299270537 0.10000 7 
 fake.rf 1440.00000000 51690.16550992122466113 0.10000 7 
 fake.rf 1440.00000000 51704.56320263470457377 0.10000 7 
 fake.rf 1440.00000000 51718.52460486747011714 0.10000 7 
 fake.rf 1440.00000000 51732.55281214817449609 0.10000 7 
 fake.rf 1440.00000000 51746.52343854270197809 0.10000 7 
 fake.rf 1440.00000000 51760.36232865545729709 0.10000 7 
 fake.rf 1440.00000000 51774.17536758507292305 0.10000 7 
 fake.rf 1440.00000000 51788.12170945091166274 0.10000 7 
 fake.rf 1440.00000000 51802.10366500309850224 0.10000 7 
 fake.rf 1440.00000000 51816.11948982413365883 0.10000 7 
 fake.rf 1440.00000000 51829.73404296646638301 0.10000 7 
 fake.rf 1440.00000000 51844.21962857172666972 0.10000 7 
 fake.rf 1440.00000000 51857.85833357615778283 0.10000 7 
 fake.rf 1440.00000000 51871.85195239190331407 0.10000 7 
 fake.rf 1440.00000000 51885.95207183498649073 0.10000 7 
 fake.rf 1440.00000000 51899.63914181800454628 0.10000 7 
 fake.rf 1440.00000000 51913.44655069885585164 0.10000 7 
 fake.rf 1440.00000000 51927.79725460571390983 0.10000 7 
 fake.rf 1440.00000000 51941.90849561532077416 0.10000 7 
 fake.rf 1440.00000000 51955.67419976401044579 0.10000 7 
 fake.rf 1440.00000000 51969.85655166924229675 0.10000 7 
 fake.rf 1440.00000000 51983.49072118502159512 0.10000 7 
 fake.rf 1440.00000000 51997.70158422585982905 0.10000 7 
 fake.rf 1440.00000000 52011.24324198139420972 0.10000 7 
 fake.rf 1440.00000000 52025.39737906756124275 0.10000 7 
 fake.rf 1440.00000000 52039.23883032248285474 0.10000 7 
 fake.rf 1440.00000000 52053.50829738063299956 0.10000 7 
 fake.rf 1440.00000000 52067.37170855454879614 0.10000 7 
 fake.rf 1440.00000000 52081.33080655926723423 0.10000 7 
 fake.rf 1440.00000000 52095.24722371492298478 0.10000 7 
 fake.rf 1440.00000000 52109.01496711882653301 0.10000 7 
 fake.rf 1440.00000000 52123.35333447914925742 0.10000 7 
 fake.rf 1440.00000000 52137.03900374439399457 0.10000 7 
 fake.rf 1440.00000000 52150.80637543217313379 0.10000 7 
 fake.rf 1440.00000000 52165.21117615976111637 0.10000 7 
 fake.rf 1440.00000000 52178.90569791365284757 0.10000 7 
 fake.rf 1440.00000000 52193.21685242968445451 0.10000 7 
 fake.rf 1440.00000000 52206.80625154710208591 0.10000 7 
 fake.rf 1440.00000000 52221.15200780273295322 0.10000 7 
 fake.rf 1440.00000000 52234.81667727501412202 0.10000 7 
 fake.rf 1440.00000000 52249.12679400171301580 0.10000 7 
 fake.rf 1440.00000000 52263.12532948383762843 0.10000 7 
 fake.rf 1440.00000000 52276.64714388749623453 0.10000 7 
 fake.rf 1440.00000000 52290.63419163592286409 0.10000 7 
 fake.rf 1440.00000000 52304.66457205277859899 0.10000 7 
 fake.rf 1440.00000000 52318.32473200261732771 0.10000 7 
 fake.rf 1440.00000000 52332.70374247183800165 0.10000 7 
 fake.rf 1440.00000000 52346.57975779582138642 0.10000 7 
 fake.rf 1440.00000000 52360.62884769913527094 0.10000 7 
 fake.rf 1440.00000000 52374.49065856345299963 0.10000 7 
 fake.rf 1440.00000000 52388.17060413930630247 0.10000 7 
 fake.rf 1440.00000000 52402.44027209370977971 0.10000 7 
 fake.rf 1440.00000000 52416.64114524023786856 0.10000 7 
 fake.rf 1440.00000000 52430.57017976362854839 0.10000 7 
 fake.rf 1440.00000000 52444.41973164943253849 0.10000 7 
 fake.rf 1440.00000000 52458.14630118235683298 0.10000 7 
 fake.rf 1440.00000000 52471.95501316666398139 0.10000 7 
 fake.rf 1440.00000000 52486.11225809910625628 0.10000 7 
 fake.rf 1440.00000000 52500.40713149997393572 0.10000 7 
 fake.rf 1440.00000000 52514.21316755218380479 0.10000 7 
 fake.rf 1440.00000000 52528.32505568734003631 0.10000 7 
 fake.rf 1440.00000000 52541.75923198527115332 0.10000 7 
 fake.rf 1440.00000000 52555.94186140850438704 0.10000 7 
 fake.rf 1440.00000000 52569.77764492439923671 0.10000 7 
 fake.rf 1440.00000000 52583.68408557356804778 0.10000 7 
 fake.rf 1440.00000000 52597.64307512871610584 0.10000 7 
 fake.rf 1440.00000000 52611.87827321264828839 0.10000 7 
 fake.rf 1440.00000000 52625.46742773485048872 0.10000 7 
 fake.rf 1440.00000000 52639.72070912507536988 0.10000 7 
 fake.rf 1440.00000000 52653.67322285221565181 0.10000 7 
 fake.rf 1440.00000000 52667.63193954591483603 0.10000 7 
 fake.rf 1440.00000000 52681.56689714270850899 0.10000 7 
 fake.rf 1440.00000000 52695.55617245518060798 0.10000 7 
 fake.rf 1440.00000000 52709.74159628148878554 0.10000 7 
 fake.rf 1440.00000000 52723.70182767827549952 0.10000 7 
 fake.rf 1440.00000000 52737.75970942811337849 0.10000 7 
 fake.rf 1440.00000000 52751.64351920503278492 0.10000 7 
 fake.rf 1440.00000000 52765.35432054723068873 0.10000 7 
 fake.rf 1440.00000000 52779.32644365361622363 0.10000 7 
 fake.rf 1440.00000000 52793.29756953943193665 0.10000 7 
 fake.rf 1440.00000000 52807.57507435255703143 0.10000 7 
 fake.rf 1440.00000000 52821.26536910914221679 0.10000 7 
 fake.rf 1440.00000000 52835.54438903711734454 0.10000 7 
 fake.rf 1440.00000000 52849.39432640352416115 0.10000 7 
 fake.rf 1440.00000000 52863.05188170718561125 0.10000 7 
 fake.rf 1440.00000000 52877.21867960013553756 0.10000 7 
 fake.rf 1440.00000000 52890.83341259552996050 0.10000 7 
 fake.rf 1440.00000000 52905.00457262310096240 0.10000 7 
 fake.rf 1440.00000000 52918.70017476174443871 0.10000 7 
 fake.rf 1440.00000000 52932.64800730714040711 0.10000 7 
 fake.rf 1440.00000000 52946.66342939190674954 0.10000 7 
 fake.rf 1440.00000000 52961.17581247356654472 0.10000 7 
 fake.rf 1440.00000000 52974.59604731447359782 0.10000 7 
 fake.rf 1440.00000000 52988.83232487920501441 0.10000 7 
 fake.rf 1440.00000000 53002.55205100161151321 0.10000 7 
