FORMAT 1
MODE 1
 fake.rf 1440.00000000 50000.01403484765792484 0.10000 7 
 fake.rf 1440.00000000 50014.24752803232842879 0.10000 7 
 fake.rf 1440.00000000 50028.24067824785475267 0.10000 7 
 fake.rf 1440.00000000 50041.89962703599980642 0.10000 7 
 fake.rf 1440.00000000 50055.75796105310258710 0.10000 7 
 fake.rf 1440.00000000 50069.74185105665871376 0.10000 7 
 fake.rf 1440.00000000 50084.06440929935673978 0.10000 7 
 fake.rf 1440.00000000 50097.89592688051286729 0.10000 7 
 fake.rf 1440.00000000 50111.90731831579716982 0.10000 7 
 fake.rf 1440.00000000 50125.78685970086424106 0.10000 7 
 fake.rf 1440.00000000 50139.61683474011339001 0.10000 7 
 fake.rf 1440.00000000 50153.72433400745926946 0.10000 7 
 fake.rf 1440.00000000 50167.52591137702050261 0.10000 7 
 fake.rf 1440.00000000 50181.77158042751361222 0.10000 7 
 fake.rf 1440.00000000 50195.88942882890779629 0.10000 7 
 fake.rf 1440.00000000 50209.70035817014015933 0.10000 7 
 fake.rf 1440.00000000 50223.59509143470782533 0.10000 7 
 fake.rf 1440.00000000 50237.44146058726482806 0.10000 7 
 fake.rf 1440.00000000 50251.56963599449144198 0.10000 7 
 fake.rf 1440.00000000 50265.35253269316264735 0.10000 7 
 fake.rf 1440.00000000 50279.56134989890902176 0.10000 7 
 fake.rf 1440.00000000 50293.22788252189796054 0.10000 7 
 fake.rf 1440.00000000 50307.33040501806242517 0.10000 7 
 fake.rf 1440.00000000 50321.08194165281039645 0.10000 7 
 fake.rf 1440.00000000 50335.14896919604981917 0.10000 7 
 fake.rf 1440.00000000 50349.23755020605151600 0.10000 7 
 fake.rf 1440.00000000 50363.04273496404075416 0.10000 7 
 fake.rf 1440.00000000 50376.99370507071147784 0.10000 7 
 fake.rf 1440.00000000 50391.20741364506331905 0.10000 7 
 fake.rf 1440.00000000 50405.28710208317631825 0.10000 7 
 fake.rf 1440.00000000 50418.99602427147662098 0.10000 7 
 fake.rf 1440.00000000 50433.27952710262608349 0.10000 7 
 fake.rf 1440.00000000 50446.96426818658448710 0.10000 7 
 fake.rf 1440.00000000 50460.70456664265107705 0.10000 7 
 fake.rf 1440.00000000 50474.68524428088622713 0.10000 7 
 fake.rf 1440.00000000 50488.93321210962125178 0.10000 7 
 fake.rf 1440.00000000 50502.69562668687137474 0.10000 7 
 fake.rf 1440.00000000 50517.03708860743178377 0.10000 7 
 fake.rf 1440.00000000 50530.48813339438309811 0.10000 7 
 fake.rf 1440.00000000 50544.96683205731219601 0.10000 7 
 fake.rf 1440.00000000 50558.55939491734713087 0.10000 7 
 fake.rf 1440.00000000 50572.54530744419153976 0.10000 7 
 fake.rf 1440.00000000 50586.50306478851199188 0.10000 7 
 fake.rf 1440.00000000 50600.60209762943787482 0.10000 7 
 fake.rf 1440.00000000 50614.20523869600720701 0.10000 7 
 fake.rf 1440.00000000 50628.31907048023975548 0.10000 7 
 fake.rf 1440.00000000 50642.26725879076862213 0.10000 7 
 fake.rf 1440.00000000 50656.47002584528163993 0.10000 7 
 fake.rf 1440.00000000 50670.46845278022291481 0.10000 7 
 fake.rf 1440.00000000 50684.58304249258592122 0.10000 7 
 fake.rf 1440.00000000 50697.94026579768533836 0.10000 7 
 fake.rf 1440.00000000 50712.18573604860859660 0.10000 7 
 fake.rf 1440.00000000 50726.00508439839083152 0.10000 7 
 fake.rf 1440.00000000 50740.16972280743211599 0.10000 7 
 fake.rf 1440.00000000 50754.20495579578280854 0.10000 7 
 fake.rf 1440.00000000 50768.12955785424712118 0.10000 7 
 fake.rf 1440.00000000 50781.75433661627239346 0.10000 7 
 fake.rf 1440.00000000 50796.29964724272272392 0.10000 7 
 fake.rf 1440.00000000 50810.21344534416231298 0.10000 7 
 fake.rf 1440.00000000 50824.09015870712782004 0.10000 7 
 fake.rf 1440.00000000 50838.08671712031998524 0.10000 7 
 fake.rf 1440.00000000 50851.74766355172097576 0.10000 7 
 fake.rf 1440.00000000 50865.94610583591929043 0.10000 7 
 fake.rf 1440.00000000 50879.66563141723795738 0.10000 7 
 fake.rf 1440.00000000 50893.77176899639449204 0.10000 7 
 fake.rf 1440.00000000 50907.98911499199594033 0.10000 7 
 fake.rf 1440.00000000 50921.32816774219730860 0.10000 7 
 fake.rf 1440.00000000 50935.90161265609951968 0.10000 7 
 fake.rf 1440.00000000 50949.83198003914775143 0.10000 7 
 fake.rf 1440.00000000 50963.32697031985890845 0.10000 7 
 fake.rf 1440.00000000 50977.75067328368600172 0.10000 7 
 fake.rf 1440.00000000 50991.31182952260039443 0.10000 7 
 fake.rf 1440.00000000 51005.49762509255746323 0.10000 7 
 fake.rf 1440.00000000 51019.25064481666667504 0.10000 7 
 fake.rf 1440.00000000 51033.61572664620873852 0.10000 7 
 fake.rf 1440.00000000 51047.44288933192442315 0.10000 7 
 fake.rf 1440.00000000 51061.34796688912490836 0.10000 7 
 fake.rf 1440.00000000 51075.03279644170866547 0.10000 7 
 fake.rf 1440.00000000 51089.10095224623949406 0.10000 7 
 fake.rf 1440.00000000 51103.04268287752731581 0.10000 7 
 fake.rf 1440.00000000 51116.88032809928865419 0.10000 7 
 fake.rf 1440.00000000 51131.01059992721850733 0.10000 7 
 fake.rf 1440.00000000 51145.23602688079445144 0.10000 7 
 fake.rf 1440.00000000 51158.93124665049620248 0.10000 7 
 fake.rf 1440.00000000 51173.26438292420231946 0.10000 7 
 fake.rf 1440.00000000 51186.89660232317926969 0.10000 7 
 fake.rf 1440.00000000 51200.55465008146230588 0.10000 7 
 fake.rf 1440.00000000 51214.55079126090562625 0.10000 7 
 fake.rf 1440.00000000 51228.76654722403871389 0.10000 7 
 fake.rf 1440.00000000 51243.04328587429447950 0.10000 7 
 fake.rf 1440.00000000 51256.95436656154857857 0.10000 7 
 fake.rf 1440.00000000 51270.53824034658379816 0.10000 7 
 fake.rf 1440.00000000 51284.51415141780283236 0.10000 7 
 fake.rf 1440.00000000 51298.66190038434032417 0.10000 7 
 fake.rf 1440.00000000 51312.67019253007723023 0.10000 7 
 fake.rf 1440.00000000 51326.79046732457700131 0.10000 7 
 fake.rf 1440.00000000 51340.52712173998389389 0.10000 7 
 fake.rf 1440.00000000 51354.57935924757049762 0.10000 7 
 fake.rf 1440.00000000 51368.64463837503406651 0.10000 7 
 fake.rf 1440.00000000 51382.34988621811839593 0.10000 7 
 fake.rf 1440.00000000 51396.60200680039945453 0.10000 7 
 fake.rf 1440.00000000 51410.46254834659702837 0.10000 7 
 fake.rf 1440.00000000 51424.43384505442600485 0.10000 7 
 fake.rf 1440.00000000 51438.24332060715986970 0.10000 7 
 fake.rf 1440.00000000 51451.89510789568856453 0.10000 7 
 fake.rf 1440.00000000 51466.26971250046192097 0.10000 7 
 fake.rf 1440.00000000 51479.94457687528545975 0.10000 7 
 fake.rf 1440.00000000 51494.20633452662062979 0.10000 7 
 fake.rf 1440.00000000 51508.30399471487064744 0.10000 7 
 fake.rf 1440.00000000 51522.08524094934422521 0.10000 7 
 fake.rf 1440.00000000 51535.66028855012717713 0.10000 7 
 fake.rf 1440.00000000 51549.63382009247025195 0.10000 7 
 fake.rf 1440.00000000 51563.58356424178125721 0.10000 7 
 fake.rf 1440.00000000 51578.08893151458437742 0.10000 7 
 fake.rf 1440.00000000 51591.79590881194452479 0.10000 7 
 fake.rf 1440.00000000 51605.45034874838380645 0.10000 7 
 fake.rf 1440.00000000 51619.62616142174390532 0.10000 7 
 fake.rf 1440.00000000 51633.69607920293898928 0.10000 7 
 fake.rf 1440.00000000 51647.38488636598011183 0.10000 7 
 fake.rf 1440.00000000 51661.81468113992554336 0.10000 7 
 fake.rf 1440.00000000 51675.53289694022484468 0.10000 7 
 fake.rf 1440.00000000 51689.83767748376082096 0.10000 7 
 fake.rf 1440.00000000 51703.22290546043199200 0.10000 7 
 fake.rf 1440.00000000 51717.62192514702217139 0.10000 7 
 fake.rf 1440.00000000 51731.44601401768185056 0.10000 7 
 fake.rf 1440.00000000 51745.54442683890716026 0.10000 7 
 fake.rf 1440.00000000 51759.43528065213699563 0.10000 7 
 fake.rf 1440.00000000 51773.03425010215446989 0.10000 7 
 fake.rf 1440.00000000 51787.22312649954102071 0.10000 7 
 fake.rf 1440.00000000 51801.21748557492681542 0.10000 7 
 fake.rf 1440.00000000 51815.22659552513853498 0.10000 7 
 fake.rf 1440.00000000 51829.03915185352326844 0.10000 7 
 fake.rf 1440.00000000 51842.93227854612622707 0.10000 7 
 fake.rf 1440.00000000 51856.95091124572261876 0.10000 7 
 fake.rf 1440.00000000 51871.27783599530785352 0.10000 7 
 fake.rf 1440.00000000 51884.86097605675323408 0.10000 7 
 fake.rf 1440.00000000 51899.29243936377232771 0.10000 7 
 fake.rf 1440.00000000 51912.66578793259311198 0.10000 7 
 fake.rf 1440.00000000 51927.21557827306403254 0.10000 7 
 fake.rf 1440.00000000 51941.11626121735245576 0.10000 7 
 fake.rf 1440.00000000 51954.97574868519381752 0.10000 7 
 fake.rf 1440.00000000 51968.47214604833565588 0.10000 7 
 fake.rf 1440.00000000 51983.05125327479207442 0.10000 7 
 fake.rf 1440.00000000 51996.89871107018284846 0.10000 7 
 fake.rf 1440.00000000 52010.93870175925108867 0.10000 7 
 fake.rf 1440.00000000 52024.59634568898919582 0.10000 7 
 fake.rf 1440.00000000 52038.80313603824603064 0.10000 7 
 fake.rf 1440.00000000 52052.39049878898062573 0.10000 7 
 fake.rf 1440.00000000 52066.82295334265338127 0.10000 7 
 fake.rf 1440.00000000 52080.75677688150369349 0.10000 7 
 fake.rf 1440.00000000 52094.14549376159870420 0.10000 7 
 fake.rf 1440.00000000 52108.33439020309963752 0.10000 7 
 fake.rf 1440.00000000 52122.61122032529635106 0.10000 7 
 fake.rf 1440.00000000 52136.09005800436919387 0.10000 7 
 fake.rf 1440.00000000 52150.04953349526445905 0.10000 7 
 fake.rf 1440.00000000 52164.18867858410321503 0.10000 7 
 fake.rf 1440.00000000 52178.47082171635040737 0.10000 7 
 fake.rf 1440.00000000 52192.35937715511112245 0.10000 7 
 fake.rf 1440.00000000 52206.13571780849358461 0.10000 7 
 fake.rf 1440.00000000 52219.97829667492063166 0.10000 7 
 fake.rf 1440.00000000 52233.89943719580977799 0.10000 7 
 fake.rf 1440.00000000 52247.72311385953826957 0.10000 7 
 fake.rf 1440.00000000 52262.08314189736277200 0.10000 7 
 fake.rf 1440.00000000 52275.93563519238834658 0.10000 7 
 fake.rf 1440.00000000 52289.81617059892166921 0.10000 7 
 fake.rf 1440.00000000 52303.87468280671813048 0.10000 7 
 fake.rf 1440.00000000 52318.01520877533062404 0.10000 7 
 fake.rf 1440.00000000 52331.69876699526572139 0.10000 7 
 fake.rf 1440.00000000 52345.83552035321054063 0.10000 7 
 fake.rf 1440.00000000 52359.89739621180548923 0.10000 7 
 fake.rf 1440.00000000 52373.51986338345333039 0.10000 7 
 fake.rf 1440.00000000 52387.55433040904052788 0.10000 7 
 fake.rf 1440.00000000 52401.81749626257498775 0.10000 7 
 fake.rf 1440.00000000 52415.39063011012994764 0.10000 7 
 fake.rf 1440.00000000 52429.31078088688838434 0.10000 7 
 fake.rf 1440.00000000 52443.65216349136399998 0.10000 7 
 fake.rf 1440.00000000 52457.58783398343007676 0.10000 7 
 fake.rf 1440.00000000 52471.08633454476689195 0.10000 7 
 fake.rf 1440.00000000 52485.05330605734480542 0.10000 7 
 fake.rf 1440.00000000 52499.45965714346485953 0.10000 7 
 fake.rf 1440.00000000 52513.59687400274755831 0.10000 7 
 fake.rf 1440.00000000 52526.99078843473353118 0.10000 7 
 fake.rf 1440.00000000 52540.95759532613606169 0.10000 7 
 fake.rf 1440.00000000 52555.40986840356438492 0.10000 7 
 fake.rf 1440.00000000 52568.98751318484999473 0.10000 7 
 fake.rf 1440.00000000 52582.95202172514665051 0.10000 7 
 fake.rf 1440.00000000 52596.91499931704159820 0.10000 7 
 fake.rf 1440.00000000 52610.81301325886299125 0.10000 7 
 fake.rf 1440.00000000 52624.70430320841506600 0.10000 7 
 fake.rf 1440.00000000 52639.14851414337760005 0.10000 7 
 fake.rf 1440.00000000 52652.92733317617364008 0.10000 7 
 fake.rf 1440.00000000 52666.77798970353450514 0.10000 7 
 fake.rf 1440.00000000 52681.08410336903584792 0.10000 7 
 fake.rf 1440.00000000 52694.59450982774747629 0.10000 7 
 fake.rf 1440.00000000 52709.00255237157837840 0.10000 7 
 fake.rf 1440.00000000 52722.56076079678048174 0.10000 7 
 fake.rf 1440.00000000 52736.83457215723572631 0.10000 7 
 fake.rf 1440.00000000 52750.75470008480905193 0.10000 7 
 fake.rf 1440.00000000 52764.70135953650173377 0.10000 7 
 fake.rf 1440.00000000 52778.48348367226299871 0.10000 7 
 fake.rf 1440.00000000 52792.50371345580222737 0.10000 7 
 fake.rf 1440.00000000 52806.77773282620161055 0.10000 7 
 fake.rf 1440.00000000 52820.63255006865475494 0.10000 7 
 fake.rf 1440.00000000 52834.28750511101012677 0.10000 7 
 fake.rf 1440.00000000 52848.17288429320569776 0.10000 7 
 fake.rf 1440.00000000 52862.65274512191072986 0.10000 7 
 fake.rf 1440.00000000 52876.02064224189701847 0.10000 7 
 fake.rf 1440.00000000 52890.54658471917905160 0.10000 7 
 fake.rf 1440.00000000 52903.89650549488893816 0.10000 7 
 fake.rf 1440.00000000 52917.93626678411787978 0.10000 7 
 fake.rf 1440.00000000 52932.24011969503330022 0.10000 7 
 fake.rf 1440.00000000 52945.76548333337767005 0.10000 7 
 fake.rf 1440.00000000 52959.90405186047749098 0.10000 7 
 fake.rf 1440.00000000 52974.21293779336030383 0.10000 7 
 fake.rf 1440.00000000 52988.22880057532632136 0.10000 7 
 fake.rf 1440.00000000 53001.98323995206516202 0.10000 7 
