FORMAT 1
MODE 1
 fake.rf 1440.00000000 50000.18458281370693896 0.10000 7 
 fake.rf 1440.00000000 50014.14556937038248208 0.10000 7 
 fake.rf 1440.00000000 50027.97014652752700670 0.10000 7 
 fake.rf 1440.00000000 50041.86941445384196214 0.10000 7 
 fake.rf 1440.00000000 50055.74531740114131395 0.10000 7 
 fake.rf 1440.00000000 50070.30091862560060179 0.10000 7 
 fake.rf 1440.00000000 50083.71094436374456649 0.10000 7 
 fake.rf 1440.00000000 50097.75418787970462375 0.10000 7 
 fake.rf 1440.00000000 50111.61439044193550529 0.10000 7 
 fake.rf 1440.00000000 50125.75156655811055018 0.10000 7 
 fake.rf 1440.00000000 50139.74243858258621387 0.10000 7 
 fake.rf 1440.00000000 50153.78407290459635703 0.10000 7 
 fake.rf 1440.00000000 50168.03344314081824606 0.10000 7 
 fake.rf 1440.00000000 50181.93568697903015519 0.10000 7 
 fake.rf 1440.00000000 50195.59088933267389265 0.10000 7 
 fake.rf 1440.00000000 50209.32392379863809495 0.10000 7 
 fake.rf 1440.00000000 50223.46934671461437460 0.10000 7 
 fake.rf 1440.00000000 50237.66033825086859110 0.10000 7 
 fake.rf 1440.00000000 50251.19248906940028476 0.10000 7 
 fake.rf 1440.00000000 50265.55451866050753296 0.10000 7 
 fake.rf 1440.00000000 50279.51355994394053539 0.10000 7 
 fake.rf 1440.00000000 50293.07415055643627610 0.10000 7 
 fake.rf 1440.00000000 50307.58756502820757106 0.10000 7 
 fake.rf 1440.00000000 50321.36128202331458326 0.10000 7 
 fake.rf 1440.00000000 50335.30786449106687286 0.10000 7 
 fake.rf 1440.00000000 50349.00053699292294596 0.10000 7 
 fake.rf 1440.00000000 50363.04329692911755956 0.10000 7 
 fake.rf 1440.00000000 50377.14244942233310809 0.10000 7 
 fake.rf 1440.00000000 50391.16369239539354297 0.10000 7 
 fake.rf 1440.00000000 50405.04397578001528757 0.10000 7 
 fake.rf 1440.00000000 50419.28443845621583819 0.10000 7 
 fake.rf 1440.00000000 50432.69260721250794077 0.10000 7 
 fake.rf 1440.00000000 50447.23876980187722907 0.10000 7 
 fake.rf 1440.00000000 50460.67536908545250895 0.10000 7 
 fake.rf 1440.00000000 50474.68769839425474188 0.10000 7 
 fake.rf 1440.00000000 50489.14798996960374922 0.10000 7 
 fake.rf 1440.00000000 50502.51174974368893444 0.10000 7 
 fake.rf 1440.00000000 50516.63899768152568015 0.10000 7 
 fake.rf 1440.00000000 50530.51409225730411379 0.10000 7 
 fake.rf 1440.00000000 50544.44294735794383300 0.10000 7 
 fake.rf 1440.00000000 50558.74559753716413368 0.10000 7 
 fake.rf 1440.00000000 50572.64978997350354817 0.10000 7 
 fake.rf 1440.00000000 50586.65850541464665113 0.10000 7 
 fake.rf 1440.00000000 50600.58208536722629489 0.10000 7 
 fake.rf 1440.00000000 50614.42674773691939194 0.10000 7 
 fake.rf 1440.00000000 50628.79555837455499301 0.10000 7 
 fake.rf 1440.00000000 50642.49039867611637433 0.10000 7 
 fake.rf 1440.00000000 50656.51871010932637063 0.10000 7 
 fake.rf 1440.00000000 50670.45007148687963294 0.10000 7 
 fake.rf 1440.00000000 50684.38195546369236766 0.10000 7 
 fake.rf 1440.00000000 50698.14385604212617054 0.10000 7 
 fake.rf 1440.00000000 50712.07248469838395621 0.10000 7 
 fake.rf 1440.00000000 50726.26985189072512838 0.10000 7 
 fake.rf 1440.00000000 50739.91672652826206047 0.10000 7 
 fake.rf 1440.00000000 50754.32396493687545203 0.10000 7 
 fake.rf 1440.00000000 50767.83947401100597929 0.10000 7 
 fake.rf 1440.00000000 50781.88391369987640545 0.10000 7 
 fake.rf 1440.00000000 50795.70547148619395728 0.10000 7 
 fake.rf 1440.00000000 50810.02502572665720848 0.10000 7 
 fake.rf 1440.00000000 50824.12893454627903367 0.10000 7 
 fake.rf 1440.00000000 50837.86900175939888769 0.10000 7 
 fake.rf 1440.00000000 50851.80057802963432323 0.10000 7 
 fake.rf 1440.00000000 50866.01754834965439400 0.10000 7 
 fake.rf 1440.00000000 50879.67533752742933473 0.10000 7 
 fake.rf 1440.00000000 50893.74840574736048282 0.10000 7 
 fake.rf 1440.00000000 50908.01593158984984200 0.10000 7 
 fake.rf 1440.00000000 50921.50557188165815248 0.10000 7 
 fake.rf 1440.00000000 50935.64729253644182805 0.10000 7 
 fake.rf 1440.00000000 50949.41362568218158557 0.10000 7 
 fake.rf 1440.00000000 50963.48325306870542306 0.10000 7 
 fake.rf 1440.00000000 50977.59205496019510662 0.10000 7 
 fake.rf 1440.00000000 50991.69926434675657489 0.10000 7 
 fake.rf 1440.00000000 51005.71131041721599431 0.10000 7 
 fake.rf 1440.00000000 51019.20038698380060893 0.10000 7 
 fake.rf 1440.00000000 51033.26940250692083723 0.10000 7 
 fake.rf 1440.00000000 51047.16433710394417744 0.10000 7 
 fake.rf 1440.00000000 51061.06045034893305967 0.10000 7 
 fake.rf 1440.00000000 51075.52919895543087847 0.10000 7 
 fake.rf 1440.00000000 51089.49067094261820188 0.10000 7 
 fake.rf 1440.00000000 51103.35637168184108603 0.10000 7 
 fake.rf 1440.00000000 51117.12856344698372979 0.10000 7 
 fake.rf 1440.00000000 51130.89016215447004754 0.10000 7 
 fake.rf 1440.00000000 51145.38938427528208308 0.10000 7 
 fake.rf 1440.00000000 51158.73050278038840943 0.10000 7 
 fake.rf 1440.00000000 51172.84386868622398481 0.10000 7 
 fake.rf 1440.00000000 51187.12188852461684618 0.10000 7 
 fake.rf 1440.00000000 51200.68340890425564282 0.10000 7 
 fake.rf 1440.00000000 51214.87944058751563858 0.10000 7 
 fake.rf 1440.00000000 51229.01724434944548747 0.10000 7 
 fake.rf 1440.00000000 51242.93654505408199640 0.10000 7 
 fake.rf 1440.00000000 51256.60804495689098204 0.10000 7 
 fake.rf 1440.00000000 51270.52414210685672558 0.10000 7 
 fake.rf 1440.00000000 51284.41324493120279371 0.10000 7 
 fake.rf 1440.00000000 51298.33994139224743591 0.10000 7 
 fake.rf 1440.00000000 51312.61872043847864688 0.10000 7 
 fake.rf 1440.00000000 51326.61911741590981606 0.10000 7 
 fake.rf 1440.00000000 51340.85156573414557357 0.10000 7 
 fake.rf 1440.00000000 51354.65821110802562188 0.10000 7 
 fake.rf 1440.00000000 51368.17188821032191726 0.10000 7 
 fake.rf 1440.00000000 51382.20889584812945472 0.10000 7 
 fake.rf 1440.00000000 51396.12339479040415924 0.10000 7 
 fake.rf 1440.00000000 51410.45076628602302193 0.10000 7 
 fake.rf 1440.00000000 51424.63320943424509579 0.10000 7 
 fake.rf 1440.00000000 51438.59798060565973543 0.10000 7 
 fake.rf 1440.00000000 51452.45265481744855407 0.10000 7 
 fake.rf 1440.00000000 51466.07567278892193841 0.10000 7 
 fake.rf 1440.00000000 51479.97360441687622412 0.10000 7 
 fake.rf 1440.00000000 51494.42928473731915417 0.10000 7 
 fake.rf 1440.00000000 51507.89261075932039802 0.10000 7 
 fake.rf 1440.00000000 51521.79024044931977855 0.10000 7 
 fake.rf 1440.00000000 51536.14984760160672650 0.10000 7 
 fake.rf 1440.00000000 51550.09025805429326184 0.10000 7 
 fake.rf 1440.00000000 51563.78771260396861109 0.10000 7 
 fake.rf 1440.00000000 51578.01810114427533804 0.10000 7 
 fake.rf 1440.00000000 51592.00452294341641135 0.10000 7 
 fake.rf 1440.00000000 51605.85356940081011246 0.10000 7 
 fake.rf 1440.00000000 51619.73353729186061756 0.10000 7 
 fake.rf 1440.00000000 51633.98637220808021198 0.10000 7 
 fake.rf 1440.00000000 51647.40300970681868975 0.10000 7 
 fake.rf 1440.00000000 51661.45900738217476800 0.10000 7 
 fake.rf 1440.00000000 51675.66936910709039665 0.10000 7 
 fake.rf 1440.00000000 51689.46239936330348996 0.10000 7 
 fake.rf 1440.00000000 51703.47272008825460077 0.10000 7 
 fake.rf 1440.00000000 51717.61041060169723949 0.10000 7 
 fake.rf 1440.00000000 51731.36836332681748374 0.10000 7 
 fake.rf 1440.00000000 51745.69568938462342444 0.10000 7 
 fake.rf 1440.00000000 51759.20533633437610987 0.10000 7 
 fake.rf 1440.00000000 51773.23396344536355329 0.10000 7 
 fake.rf 1440.00000000 51787.40616081102442436 0.10000 7 
 fake.rf 1440.00000000 51801.13437758995410576 0.10000 7 
 fake.rf 1440.00000000 51815.23823834347482986 0.10000 7 
 fake.rf 1440.00000000 51829.36316075638884016 0.10000 7 
 fake.rf 1440.00000000 51843.45697527715006458 0.10000 7 
 fake.rf 1440.00000000 51857.11483863050917265 0.10000 7 
 fake.rf 1440.00000000 51871.24275799625222305 0.10000 7 
 fake.rf 1440.00000000 51885.22947288316287384 0.10000 7 
 fake.rf 1440.00000000 51899.21524690504672250 0.10000 7 
 fake.rf 1440.00000000 51913.27932404972263924 0.10000 7 
 fake.rf 1440.00000000 51927.09327857115719596 0.10000 7 
 fake.rf 1440.00000000 51940.58060469446167318 0.10000 7 
 fake.rf 1440.00000000 51954.58053760213722327 0.10000 7 
 fake.rf 1440.00000000 51968.79232528754645770 0.10000 7 
 fake.rf 1440.00000000 51982.92495480079365677 0.10000 7 
 fake.rf 1440.00000000 51996.66056807562748432 0.10000 7 
 fake.rf 1440.00000000 52010.47430389621558788 0.10000 7 
 fake.rf 1440.00000000 52024.63158122802567362 0.10000 7 
 fake.rf 1440.00000000 52038.92113363302199858 0.10000 7 
 fake.rf 1440.00000000 52052.65306339604914854 0.10000 7 
 fake.rf 1440.00000000 52066.43473496246995680 0.10000 7 
 fake.rf 1440.00000000 52080.17915104754451150 0.10000 7 
 fake.rf 1440.00000000 52094.67197130968992980 0.10000 7 
 fake.rf 1440.00000000 52108.70223056654535299 0.10000 7 
 fake.rf 1440.00000000 52122.27790295642037677 0.10000 7 
 fake.rf 1440.00000000 52136.15260347330528745 0.10000 7 
 fake.rf 1440.00000000 52150.35877924855947896 0.10000 7 
 fake.rf 1440.00000000 52164.39729714159789964 0.10000 7 
 fake.rf 1440.00000000 52177.97088301487576345 0.10000 7 
 fake.rf 1440.00000000 52192.39159845880193345 0.10000 7 
 fake.rf 1440.00000000 52206.49696967690404392 0.10000 7 
 fake.rf 1440.00000000 52220.28097878848367941 0.10000 7 
 fake.rf 1440.00000000 52233.80147053388050082 0.10000 7 
 fake.rf 1440.00000000 52248.04892859482831113 0.10000 7 
 fake.rf 1440.00000000 52261.99608612549966224 0.10000 7 
 fake.rf 1440.00000000 52275.64861847018117658 0.10000 7 
 fake.rf 1440.00000000 52290.25883249419236520 0.10000 7 
 fake.rf 1440.00000000 52303.70546902001705192 0.10000 7 
 fake.rf 1440.00000000 52318.04960886827493027 0.10000 7 
 fake.rf 1440.00000000 52332.01715637145955640 0.10000 7 
 fake.rf 1440.00000000 52345.56609612397953768 0.10000 7 
 fake.rf 1440.00000000 52359.76241645804278235 0.10000 7 
 fake.rf 1440.00000000 52373.92218302566500299 0.10000 7 
 fake.rf 1440.00000000 52387.50928149500106201 0.10000 7 
 fake.rf 1440.00000000 52401.95561580743919095 0.10000 7 
 fake.rf 1440.00000000 52415.61957101227561040 0.10000 7 
 fake.rf 1440.00000000 52429.64717574673655065 0.10000 7 
 fake.rf 1440.00000000 52443.27880510039061690 0.10000 7 
 fake.rf 1440.00000000 52457.80493035841664806 0.10000 7 
 fake.rf 1440.00000000 52471.49364700991044685 0.10000 7 
 fake.rf 1440.00000000 52485.56209893572185621 0.10000 7 
 fake.rf 1440.00000000 52499.24145510013966032 0.10000 7 
 fake.rf 1440.00000000 52513.37948054896058636 0.10000 7 
 fake.rf 1440.00000000 52527.31231220662512271 0.10000 7 
 fake.rf 1440.00000000 52541.06015363296019061 0.10000 7 
 fake.rf 1440.00000000 52555.47874423505334818 0.10000 7 
 fake.rf 1440.00000000 52569.32450232900428233 0.10000 7 
 fake.rf 1440.00000000 52583.31674573039369491 0.10000 7 
 fake.rf 1440.00000000 52597.14541360896329181 0.10000 7 
 fake.rf 1440.00000000 52611.26965033047634890 0.10000 7 
 fake.rf 1440.00000000 52625.05416845006188353 0.10000 7 
 fake.rf 1440.00000000 52639.02643376408869003 0.10000 7 
 fake.rf 1440.00000000 52652.97290552938350672 0.10000 7 
 fake.rf 1440.00000000 52666.98280824027490610 0.10000 7 
 fake.rf 1440.00000000 52680.57409097160754641 0.10000 7 
 fake.rf 1440.00000000 52694.50594642129098588 0.10000 7 
 fake.rf 1440.00000000 52708.87327404637113304 0.10000 7 
 fake.rf 1440.00000000 52722.44633023391918414 0.10000 7 
 fake.rf 1440.00000000 52736.52971506891619669 0.10000 7 
 fake.rf 1440.00000000 52750.61274185309247997 0.10000 7 
 fake.rf 1440.00000000 52764.85823843460615379 0.10000 7 
 fake.rf 1440.00000000 52778.52878884678654359 0.10000 7 
 fake.rf 1440.00000000 52792.84636212655394516 0.10000 7 
 fake.rf 1440.00000000 52806.62318459697739570 0.10000 7 
 fake.rf 1440.00000000 52820.58572624075492641 0.10000 7 
 fake.rf 1440.00000000 52834.72119326061628186 0.10000 7 
 fake.rf 1440.00000000 52848.20019689998372669 0.10000 7 
 fake.rf 1440.00000000 52862.22856938489541534 0.10000 7 
 fake.rf 1440.00000000 52876.03389204705833748 0.10000 7 
 fake.rf 1440.00000000 52890.07724682031503605 0.10000 7 
 fake.rf 1440.00000000 52904.49922864435911407 0.10000 7 
 fake.rf 1440.00000000 52918.41122924124280757 0.10000 7 
 fake.rf 1440.00000000 52932.17216648595481487 0.10000 7 
 fake.rf 1440.00000000 52946.10373308782940427 0.10000 7 
 fake.rf 1440.00000000 52959.98679136284096458 0.10000 7 
 fake.rf 1440.00000000 52974.20046275794134161 0.10000 7 
 fake.rf 1440.00000000 52987.92217943330368612 0.10000 7 
 fake.rf 1440.00000000 53001.68922182451991532 0.10000 7 
