FORMAT 1
MODE 1
 fake.rf 1440.00000000 49999.93020861992226145 0.10000 7 
 fake.rf 1440.00000000 50013.94727504503403281 0.10000 7 
 fake.rf 1440.00000000 50028.30462111135519621 0.10000 7 
 fake.rf 1440.00000000 50041.87909095183306007 0.10000 7 
 fake.rf 1440.00000000 50056.37859439878837975 0.10000 7 
 fake.rf 1440.00000000 50069.88631884722137499 0.10000 7 
 fake.rf 1440.00000000 50084.01633800858559198 0.10000 7 
 fake.rf 1440.00000000 50098.19351449752578986 0.10000 7 
 fake.rf 1440.00000000 50111.91653809016422372 0.10000 7 
 fake.rf 1440.00000000 50125.82615918815724498 0.10000 7 
 fake.rf 1440.00000000 50139.59977023007415298 0.10000 7 
 fake.rf 1440.00000000 50153.63483120717267383 0.10000 7 
 fake.rf 1440.00000000 50167.50280636774558474 0.10000 7 
 fake.rf 1440.00000000 50181.92796949207005852 0.10000 7 
 fake.rf 1440.00000000 50195.78338073943738351 0.10000 7 
 fake.rf 1440.00000000 50209.70981181202948918 0.10000 7 
 fake.rf 1440.00000000 50223.78055361919750865 0.10000 7 
 fake.rf 1440.00000000 50237.52900817295204305 0.10000 7 
 fake.rf 1440.00000000 50251.81528707866484851 0.10000 7 
 fake.rf 1440.00000000 50265.80963414536692824 0.10000 7 
 fake.rf 1440.00000000 50279.40950891365939768 0.10000 7 
 fake.rf 1440.00000000 50293.10191097166362084 0.10000 7 
 fake.rf 1440.00000000 50307.66042656910661535 0.10000 7 
 fake.rf 1440.00000000 50321.31511480859517960 0.10000 7 
 fake.rf 1440.00000000 50335.08550422119873247 0.10000 7 
 fake.rf 1440.00000000 50349.31943219819980229 0.10000 7 
 fake.rf 1440.00000000 50363.20437682447710870 0.10000 7 
 fake.rf 1440.00000000 50377.15156082842558760 0.10000 7 
 fake.rf 1440.00000000 50391.06593413435312812 0.10000 7 
 fake.rf 1440.00000000 50405.00496758361348171 0.10000 7 
 fake.rf 1440.00000000 50418.74481701831948754 0.10000 7 
 fake.rf 1440.00000000 50433.00903686183358587 0.10000 7 
 fake.rf 1440.00000000 50447.00336278679424140 0.10000 7 
 fake.rf 1440.00000000 50461.13878439226871109 0.10000 7 
 fake.rf 1440.00000000 50475.01570015521949131 0.10000 7 
 fake.rf 1440.00000000 50488.88108891261792976 0.10000 7 
 fake.rf 1440.00000000 50502.56246099684027229 0.10000 7 
 fake.rf 1440.00000000 50516.60762199274693174 0.10000 7 
 fake.rf 1440.00000000 50530.68841330868664841 0.10000 7 
 fake.rf 1440.00000000 50544.79770171902681142 0.10000 7 
 fake.rf 1440.00000000 50558.79070990183788936 0.10000 7 
 fake.rf 1440.00000000 50572.68333834028694440 0.10000 7 
 fake.rf 1440.00000000 50586.86591375864738751 0.10000 7 
 fake.rf 1440.00000000 50600.76512320956938495 0.10000 7 
 fake.rf 1440.00000000 50614.45447415261344659 0.10000 7 
 fake.rf 1440.00000000 50628.53068688689288379 0.10000 7 
 fake.rf 1440.00000000 50642.39455343942033139 0.10000 7 
 fake.rf 1440.00000000 50656.19287228921229982 0.10000 7 
 fake.rf 1440.00000000 50670.05576568065993825 0.10000 7 
 fake.rf 1440.00000000 50684.24413716331403279 0.10000 7 
 fake.rf 1440.00000000 50698.07502917055120051 0.10000 7 
 fake.rf 1440.00000000 50712.24269004692748197 0.10000 7 
 fake.rf 1440.00000000 50726.16168962064633163 0.10000 7 
 fake.rf 1440.00000000 50739.92265664904286027 0.10000 7 
 fake.rf 1440.00000000 50754.44989851577571116 0.10000 7 
 fake.rf 1440.00000000 50768.17751360024863061 0.10000 7 
 fake.rf 1440.00000000 50782.21063465935016978 0.10000 7 
 fake.rf 1440.00000000 50795.99438053081364686 0.10000 7 
 fake.rf 1440.00000000 50809.70740565866859839 0.10000 7 
 fake.rf 1440.00000000 50823.69312608158630695 0.10000 7 
 fake.rf 1440.00000000 50838.12079814435138303 0.10000 7 
 fake.rf 1440.00000000 50851.61189876893061523 0.10000 7 
 fake.rf 1440.00000000 50865.90006511923191113 0.10000 7 
 fake.rf 1440.00000000 50879.69362250754374344 0.10000 7 
 fake.rf 1440.00000000 50894.02503747687991975 0.10000 7 
 fake.rf 1440.00000000 50907.56167896873178691 0.10000 7 
 fake.rf 1440.00000000 50921.92551789524424777 0.10000 7 
 fake.rf 1440.00000000 50935.97653096425130670 0.10000 7 
 fake.rf 1440.00000000 50949.59655955274741501 0.10000 7 
 fake.rf 1440.00000000 50963.41274919147345912 0.10000 7 
 fake.rf 1440.00000000 50977.61127672753082152 0.10000 7 
 fake.rf 1440.00000000 50991.26253956073078299 0.10000 7 
 fake.rf 1440.00000000 51005.67625031650166534 0.10000 7 
 fake.rf 1440.00000000 51019.42891272061683239 0.10000 7 
 fake.rf 1440.00000000 51033.68427772664860953 0.10000 7 
 fake.rf 1440.00000000 51047.15889885038375695 0.10000 7 
 fake.rf 1440.00000000 51061.02600007812473493 0.10000 7 
 fake.rf 1440.00000000 51075.18345771804905198 0.10000 7 
 fake.rf 1440.00000000 51089.16129040638855585 0.10000 7 
 fake.rf 1440.00000000 51102.92951104798227391 0.10000 7 
 fake.rf 1440.00000000 51117.31356623530566097 0.10000 7 
 fake.rf 1440.00000000 51131.16051698684704263 0.10000 7 
 fake.rf 1440.00000000 51145.13462456172450032 0.10000 7 
 fake.rf 1440.00000000 51158.80923877696271163 0.10000 7 
 fake.rf 1440.00000000 51173.12204929792745034 0.10000 7 
 fake.rf 1440.00000000 51186.99495813014770107 0.10000 7 
 fake.rf 1440.00000000 51201.10208013120066894 0.10000 7 
 fake.rf 1440.00000000 51214.81957110089125251 0.10000 7 
 fake.rf 1440.00000000 51228.51445186670677856 0.10000 7 
 fake.rf 1440.00000000 51243.03949177411412563 0.10000 7 
 fake.rf 1440.00000000 51256.78092923008452075 0.10000 7 
 fake.rf 1440.00000000 51270.94170812034761298 0.10000 7 
 fake.rf 1440.00000000 51284.99607472654174600 0.10000 7 
 fake.rf 1440.00000000 51298.39723790144884674 0.10000 7 
 fake.rf 1440.00000000 51312.38980029478425493 0.10000 7 
 fake.rf 1440.00000000 51326.81380788293242645 0.10000 7 
 fake.rf 1440.00000000 51340.45650532243534769 0.10000 7 
 fake.rf 1440.00000000 51354.18446599172797207 0.10000 7 
 fake.rf 1440.00000000 51368.69771274820681839 0.10000 7 
 fake.rf 1440.00000000 51382.66533147216959065 0.10000 7 
 fake.rf 1440.00000000 51396.24770787020796448 0.10000 7 
 fake.rf 1440.00000000 51410.33104154303065414 0.10000 7 
 fake.rf 1440.00000000 51423.98814920505661519 0.10000 7 
 fake.rf 1440.00000000 51438.02246244018137489 0.10000 7 
 fake.rf 1440.00000000 51452.56335123999016545 0.10000 7 
 fake.rf 1440.00000000 51466.51405000405804913 0.10000 7 
 fake.rf 1440.00000000 51480.06121041864942356 0.10000 7 
 fake.rf 1440.00000000 51493.84075977924577927 0.10000 7 
 fake.rf 1440.00000000 51507.98714224913566539 0.10000 7 
 fake.rf 1440.00000000 51522.21702811735859484 0.10000 7 
 fake.rf 1440.00000000 51535.80302420393397966 0.10000 7 
 fake.rf 1440.00000000 51549.70502124239834529 0.10000 7 
 fake.rf 1440.00000000 51563.82008392018376952 0.10000 7 
 fake.rf 1440.00000000 51578.08508036439065236 0.10000 7 
 fake.rf 1440.00000000 51591.69991766545996015 0.10000 7 
 fake.rf 1440.00000000 51605.49935026183198872 0.10000 7 
 fake.rf 1440.00000000 51619.67548155542724331 0.10000 7 
 fake.rf 1440.00000000 51633.43566694589160448 0.10000 7 
 fake.rf 1440.00000000 51647.65748325188636869 0.10000 7 
 fake.rf 1440.00000000 51661.56672139519478293 0.10000 7 
 fake.rf 1440.00000000 51675.89017275360769332 0.10000 7 
 fake.rf 1440.00000000 51689.89165255030806279 0.10000 7 
 fake.rf 1440.00000000 51703.33322903173126406 0.10000 7 
 fake.rf 1440.00000000 51717.74927302842172239 0.10000 7 
 fake.rf 1440.00000000 51731.19014208768124519 0.10000 7 
 fake.rf 1440.00000000 51745.32917369251683226 0.10000 7 
 fake.rf 1440.00000000 51759.54078468052798456 0.10000 7 
 fake.rf 1440.00000000 51773.32924391254402252 0.10000 7 
 fake.rf 1440.00000000 51787.23446222783759296 0.10000 7 
 fake.rf 1440.00000000 51801.33087934740062153 0.10000 7 
 fake.rf 1440.00000000 51815.12518343719840530 0.10000 7 
 fake.rf 1440.00000000 51829.31767088965506218 0.10000 7 
 fake.rf 1440.00000000 51842.86898106086472993 0.10000 7 
 fake.rf 1440.00000000 51857.02528557052610481 0.10000 7 
 fake.rf 1440.00000000 51871.29031229941615422 0.10000 7 
 fake.rf 1440.00000000 51884.75407064135867685 0.10000 7 
 fake.rf 1440.00000000 51898.89929997738309808 0.10000 7 
 fake.rf 1440.00000000 51912.74971319104928469 0.10000 7 
 fake.rf 1440.00000000 51926.69791370764600202 0.10000 7 
 fake.rf 1440.00000000 51941.02775154354956655 0.10000 7 
 fake.rf 1440.00000000 51955.14627666234258285 0.10000 7 
 fake.rf 1440.00000000 51968.71869934001246349 0.10000 7 
 fake.rf 1440.00000000 51982.98876026406069784 0.10000 7 
 fake.rf 1440.00000000 51996.59390749586477654 0.10000 7 
 fake.rf 1440.00000000 52010.46955263396690228 0.10000 7 
 fake.rf 1440.00000000 52024.39267696072040792 0.10000 7 
 fake.rf 1440.00000000 52038.50214950743331244 0.10000 7 
 fake.rf 1440.00000000 52052.59215204313647618 0.10000 7 
 fake.rf 1440.00000000 52066.31368783460880323 0.10000 7 
 fake.rf 1440.00000000 52080.68320270417237694 0.10000 7 
 fake.rf 1440.00000000 52094.72066947537193116 0.10000 7 
 fake.rf 1440.00000000 52108.13721602992152881 0.10000 7 
 fake.rf 1440.00000000 52122.54643676700484534 0.10000 7 
 fake.rf 1440.00000000 52136.06370606533013046 0.10000 7 
 fake.rf 1440.00000000 52150.60118935584258892 0.10000 7 
 fake.rf 1440.00000000 52164.48950523260960566 0.10000 7 
 fake.rf 1440.00000000 52178.18403213429111887 0.10000 7 
 fake.rf 1440.00000000 52192.30468585220437916 0.10000 7 
 fake.rf 1440.00000000 52206.01968707143923609 0.10000 7 
 fake.rf 1440.00000000 52220.32432503303049742 0.10000 7 
 fake.rf 1440.00000000 52233.91295523422931879 0.10000 7 
 fake.rf 1440.00000000 52248.12715327107913055 0.10000 7 
 fake.rf 1440.00000000 52261.99583806459338220 0.10000 7 
 fake.rf 1440.00000000 52275.84067120603619472 0.10000 7 
 fake.rf 1440.00000000 52290.24939978213798142 0.10000 7 
 fake.rf 1440.00000000 52303.75467075378859150 0.10000 7 
 fake.rf 1440.00000000 52317.76815494496501557 0.10000 7 
 fake.rf 1440.00000000 52331.69367225092663176 0.10000 7 
 fake.rf 1440.00000000 52345.75424918962885101 0.10000 7 
 fake.rf 1440.00000000 52359.75415991784768366 0.10000 7 
 fake.rf 1440.00000000 52373.38107444547735980 0.10000 7 
 fake.rf 1440.00000000 52387.59840258553283832 0.10000 7 
 fake.rf 1440.00000000 52401.87562872457239749 0.10000 7 
 fake.rf 1440.00000000 52415.81083030870719952 0.10000 7 
 fake.rf 1440.00000000 52429.67153170514701088 0.10000 7 
 fake.rf 1440.00000000 52443.19596240259771847 0.10000 7 
 fake.rf 1440.00000000 52457.75918100749252204 0.10000 7 
 fake.rf 1440.00000000 52471.76758105482565497 0.10000 7 
 fake.rf 1440.00000000 52485.42024032774375897 0.10000 7 
 fake.rf 1440.00000000 52499.07655416166874929 0.10000 7 
 fake.rf 1440.00000000 52513.49269511841817248 0.10000 7 
 fake.rf 1440.00000000 52527.22104720326016292 0.10000 7 
 fake.rf 1440.00000000 52540.99880032885794634 0.10000 7 
 fake.rf 1440.00000000 52555.19572141618992944 0.10000 7 
 fake.rf 1440.00000000 52569.14623555200341798 0.10000 7 
 fake.rf 1440.00000000 52582.83303136518667031 0.10000 7 
 fake.rf 1440.00000000 52596.95649441758250120 0.10000 7 
 fake.rf 1440.00000000 52611.30642819022338941 0.10000 7 
 fake.rf 1440.00000000 52625.15210373220195095 0.10000 7 
 fake.rf 1440.00000000 52639.02879411975010981 0.10000 7 
 fake.rf 1440.00000000 52653.05492522592302151 0.10000 7 
 fake.rf 1440.00000000 52667.19412374452822334 0.10000 7 
 fake.rf 1440.00000000 52680.65657152110565775 0.10000 7 
 fake.rf 1440.00000000 52694.58961353969310792 0.10000 7 
 fake.rf 1440.00000000 52708.61187119476105778 0.10000 7 
 fake.rf 1440.00000000 52722.52127366580725720 0.10000 7 
 fake.rf 1440.00000000 52736.66447935832497507 0.10000 7 
 fake.rf 1440.00000000 52750.73844732147576764 0.10000 7 
 fake.rf 1440.00000000 52764.61159312210962469 0.10000 7 
 fake.rf 1440.00000000 52778.85360181458434070 0.10000 7 
 fake.rf 1440.00000000 52792.29903991438053268 0.10000 7 
 fake.rf 1440.00000000 52806.50399301037623445 0.10000 7 
 fake.rf 1440.00000000 52820.33488923805928650 0.10000 7 
 fake.rf 1440.00000000 52834.76244622873493739 0.10000 7 
 fake.rf 1440.00000000 52848.27416025874529737 0.10000 7 
 fake.rf 1440.00000000 52862.67065062454534896 0.10000 7 
 fake.rf 1440.00000000 52876.66086436895417577 0.10000 7 
 fake.rf 1440.00000000 52890.10735644526126009 0.10000 7 
 fake.rf 1440.00000000 52904.55047289837315105 0.10000 7 
 fake.rf 1440.00000000 52918.23157198886830344 0.10000 7 
 fake.rf 1440.00000000 52932.03927060169530705 0.10000 7 
 fake.rf 1440.00000000 52946.27008744905421267 0.10000 7 
 fake.rf 1440.00000000 52960.38443135859738931 0.10000 7 
 fake.rf 1440.00000000 52974.00810912360027771 0.10000 7 
 fake.rf 1440.00000000 52987.80740648573527807 0.10000 7 
 fake.rf 1440.00000000 53001.91049059390964970 0.10000 7 
