FORMAT 1
MODE 1
 fake.rf 1440.00000000 50000.21566819015151850 0.10000 7 
 fake.rf 1440.00000000 50014.47094566098138202 0.10000 7 
 fake.rf 1440.00000000 50028.40045079439218867 0.10000 7 
 fake.rf 1440.00000000 50041.80066906385700420 0.10000 7 
 fake.rf 1440.00000000 50056.06643785434860305 0.10000 7 
 fake.rf 1440.00000000 50069.98064091345082716 0.10000 7 
 fake.rf 1440.00000000 50084.09565454346416757 0.10000 7 
 fake.rf 1440.00000000 50097.99093212154919286 0.10000 7 
 fake.rf 1440.00000000 50111.87521678110138623 0.10000 7 
 fake.rf 1440.00000000 50125.72911737020213963 0.10000 7 
 fake.rf 1440.00000000 50139.90234396046058407 0.10000 7 
 fake.rf 1440.00000000 50153.90823939880774773 0.10000 7 
 fake.rf 1440.00000000 50167.88339287987532344 0.10000 7 
 fake.rf 1440.00000000 50181.67367542177159123 0.10000 7 
 fake.rf 1440.00000000 50195.38834731867446237 0.10000 7 
 fake.rf 1440.00000000 50209.71930023190949655 0.10000 7 
 fake.rf 1440.00000000 50223.32463124685053657 0.10000 7 
 fake.rf 1440.00000000 50237.70673756496078610 0.10000 7 
 fake.rf 1440.00000000 50251.54471695209659288 0.10000 7 
 fake.rf 1440.00000000 50265.33394432358950255 0.10000 7 
 fake.rf 1440.00000000 50279.78264911878955701 0.10000 7 
 fake.rf 1440.00000000 50293.46417719780210476 0.10000 7 
 fake.rf 1440.00000000 50307.33498553203927983 0.10000 7 
 fake.rf 1440.00000000 50321.57723154068881755 0.10000 7 
 fake.rf 1440.00000000 50335.20898631431220238 0.10000 7 
 fake.rf 1440.00000000 50349.54562449638504873 0.10000 7 
 fake.rf 1440.00000000 50363.09099656513772914 0.10000 7 
 fake.rf 1440.00000000 50377.31070236448148236 0.10000 7 
 fake.rf 1440.00000000 50391.23257129495090823 0.10000 7 
 fake.rf 1440.00000000 50405.20455281973493555 0.10000 7 
 fake.rf 1440.00000000 50419.22952709392063397 0.10000 7 
 fake.rf 1440.00000000 50432.76709610096672876 0.10000 7 
 fake.rf 1440.00000000 50447.03258117425663443 0.10000 7 
 fake.rf 1440.00000000 50461.02528660886593670 0.10000 7 
 fake.rf 1440.00000000 50474.66796665914951348 0.10000 7 
 fake.rf 1440.00000000 50488.57077992425015722 0.10000 7 
 fake.rf 1440.00000000 50503.18258115755058313 0.10000 7 
 fake.rf 1440.00000000 50516.97850086524476509 0.10000 7 
 fake.rf 1440.00000000 50530.81481778022565621 0.10000 7 
 fake.rf 1440.00000000 50544.68246310720311953 0.10000 7 
 fake.rf 1440.00000000 50559.03717615870347402 0.10000 7 
 fake.rf 1440.00000000 50572.41827901768269626 0.10000 7 
 fake.rf 1440.00000000 50586.33004590000939515 0.10000 7 
 fake.rf 1440.00000000 50600.69813849457265320 0.10000 7 
 fake.rf 1440.00000000 50614.57441661796709553 0.10000 7 
 fake.rf 1440.00000000 50628.23908143292258188 0.10000 7 
 fake.rf 1440.00000000 50642.30968634365186887 0.10000 7 
 fake.rf 1440.00000000 50656.49618822376615412 0.10000 7 
 fake.rf 1440.00000000 50670.58118543854207871 0.10000 7 
 fake.rf 1440.00000000 50684.52799579007697162 0.10000 7 
 fake.rf 1440.00000000 50698.54195108159482785 0.10000 7 
 fake.rf 1440.00000000 50712.44721253190022026 0.10000 7 
 fake.rf 1440.00000000 50726.11377698037064121 0.10000 7 
 fake.rf 1440.00000000 50740.03676669568465130 0.10000 7 
 fake.rf 1440.00000000 50754.22250024242348942 0.10000 7 
 fake.rf 1440.00000000 50768.22571217376500741 0.10000 7 
 fake.rf 1440.00000000 50781.85689949209935889 0.10000 7 
 fake.rf 1440.00000000 50796.29289784460883439 0.10000 7 
 fake.rf 1440.00000000 50809.88737497206987470 0.10000 7 
 fake.rf 1440.00000000 50824.14532394646890268 0.10000 7 
 fake.rf 1440.00000000 50837.92486320308321623 0.10000 7 
 fake.rf 1440.00000000 50851.58254066311993924 0.10000 7 
 fake.rf 1440.00000000 50866.08295140834064085 0.10000 7 
 fake.rf 1440.00000000 50879.49953511645363236 0.10000 7 
 fake.rf 1440.00000000 50893.85481077943533279 0.10000 7 
 fake.rf 1440.00000000 50908.03612761690583000 0.10000 7 
 fake.rf 1440.00000000 50921.39375064029044893 0.10000 7 
 fake.rf 1440.00000000 50935.73238695541682475 0.10000 7 
 fake.rf 1440.00000000 50949.74784959591777778 0.10000 7 
 fake.rf 1440.00000000 50963.64668228445128761 0.10000 7 
 fake.rf 1440.00000000 50977.22452331750773880 0.10000 7 
 fake.rf 1440.00000000 50991.63292503932980893 0.10000 7 
 fake.rf 1440.00000000 51005.61775332801330762 0.10000 7 
 fake.rf 1440.00000000 51019.14558730066061898 0.10000 7 
 fake.rf 1440.00000000 51033.29364103103013051 0.10000 7 
 fake.rf 1440.00000000 51047.19297350576706407 0.10000 7 
 fake.rf 1440.00000000 51061.09036503406910867 0.10000 7 
 fake.rf 1440.00000000 51075.34724971183174347 0.10000 7 
 fake.rf 1440.00000000 51089.47131012681307993 0.10000 7 
 fake.rf 1440.00000000 51103.49192493971785822 0.10000 7 
 fake.rf 1440.00000000 51117.06717939026547626 0.10000 7 
 fake.rf 1440.00000000 51131.24342117434927957 0.10000 7 
 fake.rf 1440.00000000 51145.20752348060039694 0.10000 7 
 fake.rf 1440.00000000 51159.15423512023896180 0.10000 7 
 fake.rf 1440.00000000 51173.29169267954573996 0.10000 7 
 fake.rf 1440.00000000 51186.81308793927108880 0.10000 7 
 fake.rf 1440.00000000 51200.80123761398774462 0.10000 7 
 fake.rf 1440.00000000 51214.60810853967057454 0.10000 7 
 fake.rf 1440.00000000 51228.60372818629078395 0.10000 7 
 fake.rf 1440.00000000 51242.89124772378745831 0.10000 7 
 fake.rf 1440.00000000 51256.99429371474775152 0.10000 7 
 fake.rf 1440.00000000 51270.80767867342193966 0.10000 7 
 fake.rf 1440.00000000 51284.79110174237140285 0.10000 7 
 fake.rf 1440.00000000 51298.76611786146642302 0.10000 7 
 fake.rf 1440.00000000 51312.70097930094580008 0.10000 7 
 fake.rf 1440.00000000 51326.41123742334752933 0.10000 7 
 fake.rf 1440.00000000 51340.60579645553374917 0.10000 7 
 fake.rf 1440.00000000 51354.60317363956352210 0.10000 7 
 fake.rf 1440.00000000 51368.69029414070478978 0.10000 7 
 fake.rf 1440.00000000 51382.27187518504808494 0.10000 7 
 fake.rf 1440.00000000 51396.20631112141085239 0.10000 7 
 fake.rf 1440.00000000 51410.57616541098118290 0.10000 7 
 fake.rf 1440.00000000 51424.60437423678007107 0.10000 7 
 fake.rf 1440.00000000 51438.56186452873846449 0.10000 7 
 fake.rf 1440.00000000 51452.49777885847083780 0.10000 7 
 fake.rf 1440.00000000 51466.04560080451182813 0.10000 7 
 fake.rf 1440.00000000 51479.94064965701591063 0.10000 7 
 fake.rf 1440.00000000 51493.81218157085695708 0.10000 7 
 fake.rf 1440.00000000 51508.32178096934391931 0.10000 7 
 fake.rf 1440.00000000 51522.37911627279834548 0.10000 7 
 fake.rf 1440.00000000 51536.30948906809855359 0.10000 7 
 fake.rf 1440.00000000 51549.76590230888571043 0.10000 7 
 fake.rf 1440.00000000 51564.03770544259118225 0.10000 7 
 fake.rf 1440.00000000 51577.97040665523554281 0.10000 7 
 fake.rf 1440.00000000 51592.07842424753360433 0.10000 7 
 fake.rf 1440.00000000 51605.85924435450962022 0.10000 7 
 fake.rf 1440.00000000 51620.01823351668899065 0.10000 7 
 fake.rf 1440.00000000 51633.48596021308397752 0.10000 7 
 fake.rf 1440.00000000 51647.77854396586605290 0.10000 7 
 fake.rf 1440.00000000 51661.97137884736994806 0.10000 7 
 fake.rf 1440.00000000 51675.76485115164992834 0.10000 7 
 fake.rf 1440.00000000 51689.53204028914562684 0.10000 7 
 fake.rf 1440.00000000 51703.57648622275981509 0.10000 7 
 fake.rf 1440.00000000 51717.39160767771803862 0.10000 7 
 fake.rf 1440.00000000 51731.17203899230134923 0.10000 7 
 fake.rf 1440.00000000 51745.18957239830496064 0.10000 7 
 fake.rf 1440.00000000 51759.41984469721980844 0.10000 7 
 fake.rf 1440.00000000 51773.43306110383643670 0.10000 7 
 fake.rf 1440.00000000 51787.48619775688768740 0.10000 7 
 fake.rf 1440.00000000 51801.17515001421386600 0.10000 7 
 fake.rf 1440.00000000 51815.47484018896803093 0.10000 7 
 fake.rf 1440.00000000 51829.50063882936711579 0.10000 7 
 fake.rf 1440.00000000 51842.93100477565668527 0.10000 7 
 fake.rf 1440.00000000 51857.29712984942722542 0.10000 7 
 fake.rf 1440.00000000 51871.31864485347938398 0.10000 7 
 fake.rf 1440.00000000 51885.38981786250188932 0.10000 7 
 fake.rf 1440.00000000 51899.34199095743213803 0.10000 7 
 fake.rf 1440.00000000 51913.29678083623042184 0.10000 7 
 fake.rf 1440.00000000 51927.27771181799803202 0.10000 7 
 fake.rf 1440.00000000 51941.11104372430791898 0.10000 7 
 fake.rf 1440.00000000 51955.16139496321160962 0.10000 7 
 fake.rf 1440.00000000 51969.11092485019486631 0.10000 7 
 fake.rf 1440.00000000 51983.10556270199919737 0.10000 7 
 fake.rf 1440.00000000 51996.79927648605350399 0.10000 7 
 fake.rf 1440.00000000 52010.71973363838690929 0.10000 7 
 fake.rf 1440.00000000 52024.86061515454533932 0.10000 7 
 fake.rf 1440.00000000 52038.37337510540347552 0.10000 7 
 fake.rf 1440.00000000 52052.49104752276494423 0.10000 7 
 fake.rf 1440.00000000 52066.80454844270879988 0.10000 7 
 fake.rf 1440.00000000 52080.64811822120003271 0.10000 7 
 fake.rf 1440.00000000 52094.33018492058038973 0.10000 7 
 fake.rf 1440.00000000 52108.47538423088370152 0.10000 7 
 fake.rf 1440.00000000 52122.12436920859016354 0.10000 7 
 fake.rf 1440.00000000 52136.55577456261949720 0.10000 7 
 fake.rf 1440.00000000 52150.55432138524174235 0.10000 7 
 fake.rf 1440.00000000 52164.02196375115094895 0.10000 7 
 fake.rf 1440.00000000 52178.50912854667639706 0.10000 7 
 fake.rf 1440.00000000 52192.10950707208623101 0.10000 7 
 fake.rf 1440.00000000 52206.29525862497242983 0.10000 7 
 fake.rf 1440.00000000 52220.20711947300944189 0.10000 7 
 fake.rf 1440.00000000 52234.20134296453955969 0.10000 7 
 fake.rf 1440.00000000 52248.05834407922052520 0.10000 7 
 fake.rf 1440.00000000 52262.03422965208580564 0.10000 7 
 fake.rf 1440.00000000 52276.16371179061470897 0.10000 7 
 fake.rf 1440.00000000 52289.75839741323398258 0.10000 7 
 fake.rf 1440.00000000 52303.79402401565495850 0.10000 7 
 fake.rf 1440.00000000 52318.03290526381233150 0.10000 7 
 fake.rf 1440.00000000 52331.61799004651144074 0.10000 7 
 fake.rf 1440.00000000 52345.64663261092072588 0.10000 7 
 fake.rf 1440.00000000 52359.90467088625454650 0.10000 7 
 fake.rf 1440.00000000 52374.02798030007932084 0.10000 7 
 fake.rf 1440.00000000 52387.47853350322662536 0.10000 7 
 fake.rf 1440.00000000 52401.72432777083588107 0.10000 7 
 fake.rf 1440.00000000 52415.88050106231434100 0.10000 7 
 fake.rf 1440.00000000 52429.72966080481205964 0.10000 7 
 fake.rf 1440.00000000 52443.26747159734696879 0.10000 7 
 fake.rf 1440.00000000 52457.60275248657058000 0.10000 7 
 fake.rf 1440.00000000 52471.66956493319661448 0.10000 7 
 fake.rf 1440.00000000 52485.36327419096446789 0.10000 7 
 fake.rf 1440.00000000 52499.38361542079539035 0.10000 7 
 fake.rf 1440.00000000 52513.33222369331262058 0.10000 7 
 fake.rf 1440.00000000 52527.41289236572995236 0.10000 7 
 fake.rf 1440.00000000 52540.94999232279976553 0.10000 7 
 fake.rf 1440.00000000 52555.25247831707730484 0.10000 7 
 fake.rf 1440.00000000 52569.13611174462413089 0.10000 7 
 fake.rf 1440.00000000 52583.37665122972198617 0.10000 7 
 fake.rf 1440.00000000 52597.18500569305148673 0.10000 7 
 fake.rf 1440.00000000 52610.92736331264596572 0.10000 7 
 fake.rf 1440.00000000 52624.80650738077700979 0.10000 7 
 fake.rf 1440.00000000 52638.83883942871300476 0.10000 7 
 fake.rf 1440.00000000 52653.19795064319641753 0.10000 7 
 fake.rf 1440.00000000 52667.10954430786708258 0.10000 7 
 fake.rf 1440.00000000 52681.03710352894765023 0.10000 7 
 fake.rf 1440.00000000 52694.74365968912211855 0.10000 7 
 fake.rf 1440.00000000 52708.82296157461066244 0.10000 7 
 fake.rf 1440.00000000 52723.05009913586226844 0.10000 7 
 fake.rf 1440.00000000 52736.83050799093475902 0.10000 7 
 fake.rf 1440.00000000 52750.52025050377135784 0.10000 7 
 fake.rf 1440.00000000 52764.37069890505192760 0.10000 7 
 fake.rf 1440.00000000 52778.88464306716292995 0.10000 7 
 fake.rf 1440.00000000 52792.87064994583495192 0.10000 7 
 fake.rf 1440.00000000 52806.88263379915636975 0.10000 7 
 fake.rf 1440.00000000 52820.21869056863598146 0.10000 7 
 fake.rf 1440.00000000 52834.48871779289132888 0.10000 7 
 fake.rf 1440.00000000 52848.69510101161689164 0.10000 7 
 fake.rf 1440.00000000 52862.58521020740005270 0.10000 7 
 fake.rf 1440.00000000 52876.43127434631827910 0.10000 7 
 fake.rf 1440.00000000 52890.34449783559928093 0.10000 7 
 fake.rf 1440.00000000 52904.33964552867929143 0.10000 7 
 fake.rf 1440.00000000 52917.91764498549847318 0.10000 7 
 fake.rf 1440.00000000 52931.88943579342254964 0.10000 7 
 fake.rf 1440.00000000 52945.87141782937629841 0.10000 7 
 fake.rf 1440.00000000 52960.23497871387610658 0.10000 7 
 fake.rf 1440.00000000 52973.78209551612435746 0.10000 7 
 fake.rf 1440.00000000 52988.10478962792095814 0.10000 7 
 fake.rf 1440.00000000 53001.72354330678284029 0.10000 7 
