FORMAT 1
MODE 1
 fake.rf 1440.00000000 50000.47525387895014859 0.10000 7 
 fake.rf 1440.00000000 50013.97786185006535220 0.10000 7 
 fake.rf 1440.00000000 50028.04386587580081169 0.10000 7 
 fake.rf 1440.00000000 50042.45378506933193918 0.10000 7 
 fake.rf 1440.00000000 50056.02695113839482133 0.10000 7 
 fake.rf 1440.00000000 50069.82362576650729125 0.10000 7 
 fake.rf 1440.00000000 50084.18336471363341289 0.10000 7 
 fake.rf 1440.00000000 50097.72231611273648255 0.10000 7 
 fake.rf 1440.00000000 50111.93043959130478626 0.10000 7 
 fake.rf 1440.00000000 50125.74103978955547589 0.10000 7 
 fake.rf 1440.00000000 50139.54535482896007537 0.10000 7 
 fake.rf 1440.00000000 50153.57211326087033854 0.10000 7 
 fake.rf 1440.00000000 50167.77734871228820523 0.10000 7 
 fake.rf 1440.00000000 50181.47033818313315123 0.10000 7 
 fake.rf 1440.00000000 50195.38260018665411621 0.10000 7 
 fake.rf 1440.00000000 50209.61206858670043829 0.10000 7 
 fake.rf 1440.00000000 50223.35526799819324140 0.10000 7 
 fake.rf 1440.00000000 50237.30847943706783454 0.10000 7 
 fake.rf 1440.00000000 50251.84620119384224068 0.10000 7 
 fake.rf 1440.00000000 50265.83400989919410762 0.10000 7 
 fake.rf 1440.00000000 50279.71555659207814770 0.10000 7 
 fake.rf 1440.00000000 50293.47090182506871514 0.10000 7 
 fake.rf 1440.00000000 50307.41016013188354705 0.10000 7 
 fake.rf 1440.00000000 50321.32508059979869230 0.10000 7 
 fake.rf 1440.00000000 50335.36331802676755132 0.10000 7 
 fake.rf 1440.00000000 50349.31259319266869312 0.10000 7 
 fake.rf 1440.00000000 50363.24772181362439127 0.10000 7 
 fake.rf 1440.00000000 50377.02107946282181672 0.10000 7 
 fake.rf 1440.00000000 50391.22236414712327246 0.10000 7 
 fake.rf 1440.00000000 50404.85174629454379769 0.10000 7 
 fake.rf 1440.00000000 50418.94875037129371265 0.10000 7 
 fake.rf 1440.00000000 50433.01414348296174239 0.10000 7 
 fake.rf 1440.00000000 50446.85102634156196544 0.10000 7 
 fake.rf 1440.00000000 50461.05226049483478334 0.10000 7 
 fake.rf 1440.00000000 50474.89913219064768057 0.10000 7 
 fake.rf 1440.00000000 50489.01407388582439495 0.10000 7 
 fake.rf 1440.00000000 50503.05020872333877335 0.10000 7 
 fake.rf 1440.00000000 50516.62837875078358607 0.10000 7 
 fake.rf 1440.00000000 50530.98716454798569586 0.10000 7 
 fake.rf 1440.00000000 50544.60298231629223054 0.10000 7 
 fake.rf 1440.00000000 50558.69664528592919694 0.10000 7 
 fake.rf 1440.00000000 50572.89797215416764331 0.10000 7 
 fake.rf 1440.00000000 50586.57877444621396279 0.10000 7 
 fake.rf 1440.00000000 50600.91589893703972791 0.10000 7 
 fake.rf 1440.00000000 50614.84844139443598010 0.10000 7 
 fake.rf 1440.00000000 50628.47973164558669623 0.10000 7 
 fake.rf 1440.00000000 50642.41788400158405281 0.10000 7 
 fake.rf 1440.00000000 50656.13185190068194785 0.10000 7 
 fake.rf 1440.00000000 50670.42124637412480936 0.10000 7 
 fake.rf 1440.00000000 50684.26867984447829585 0.10000 7 
 fake.rf 1440.00000000 50698.00868249111130126 0.10000 7 
 fake.rf 1440.00000000 50712.21784974432607740 0.10000 7 
 fake.rf 1440.00000000 50726.52552118376944534 0.10000 7 
 fake.rf 1440.00000000 50740.24300824088806650 0.10000 7 
 fake.rf 1440.00000000 50754.40532202758700109 0.10000 7 
 fake.rf 1440.00000000 50768.12279023149613977 0.10000 7 
 fake.rf 1440.00000000 50781.82777852465210700 0.10000 7 
 fake.rf 1440.00000000 50795.96344701680140687 0.10000 7 
 fake.rf 1440.00000000 50810.15916563247769844 0.10000 7 
 fake.rf 1440.00000000 50824.10366462889168915 0.10000 7 
 fake.rf 1440.00000000 50837.90694136117192059 0.10000 7 
 fake.rf 1440.00000000 50851.57122344967980609 0.10000 7 
 fake.rf 1440.00000000 50865.61934163200777803 0.10000 7 
 fake.rf 1440.00000000 50879.96439393579214183 0.10000 7 
 fake.rf 1440.00000000 50893.86813621732697754 0.10000 7 
 fake.rf 1440.00000000 50907.80135221344099605 0.10000 7 
 fake.rf 1440.00000000 50921.63290562158552177 0.10000 7 
 fake.rf 1440.00000000 50935.61100882911240362 0.10000 7 
 fake.rf 1440.00000000 50949.82728760468992490 0.10000 7 
 fake.rf 1440.00000000 50963.38918618390190929 0.10000 7 
 fake.rf 1440.00000000 50977.68799987778091065 0.10000 7 
 fake.rf 1440.00000000 50991.36950104691336705 0.10000 7 
 fake.rf 1440.00000000 51005.17095251129647693 0.10000 7 
 fake.rf 1440.00000000 51019.18879453603305407 0.10000 7 
 fake.rf 1440.00000000 51033.24564629741935207 0.10000 7 
 fake.rf 1440.00000000 51047.68453296843393119 0.10000 7 
 fake.rf 1440.00000000 51061.37189129707329371 0.10000 7 
 fake.rf 1440.00000000 51075.40512146193526632 0.10000 7 
 fake.rf 1440.00000000 51088.92953544783982878 0.10000 7 
 fake.rf 1440.00000000 51102.94451431310102052 0.10000 7 
 fake.rf 1440.00000000 51116.86340400553052277 0.10000 7 
 fake.rf 1440.00000000 51130.83271339633593300 0.10000 7 
 fake.rf 1440.00000000 51145.09508561498920542 0.10000 7 
 fake.rf 1440.00000000 51159.35987279762374769 0.10000 7 
 fake.rf 1440.00000000 51173.08489531226719293 0.10000 7 
 fake.rf 1440.00000000 51186.88114067886724712 0.10000 7 
 fake.rf 1440.00000000 51200.90162217277420353 0.10000 7 
 fake.rf 1440.00000000 51215.03652566939314994 0.10000 7 
 fake.rf 1440.00000000 51229.00666564318460772 0.10000 7 
 fake.rf 1440.00000000 51242.59442511677105969 0.10000 7 
 fake.rf 1440.00000000 51256.71205363917836451 0.10000 7 
 fake.rf 1440.00000000 51270.52369644123882964 0.10000 7 
 fake.rf 1440.00000000 51284.48063071191712226 0.10000 7 
 fake.rf 1440.00000000 51298.68460356050465876 0.10000 7 
 fake.rf 1440.00000000 51312.87952468853568888 0.10000 7 
 fake.rf 1440.00000000 51326.77842736909887833 0.10000 7 
 fake.rf 1440.00000000 51340.28717557680504058 0.10000 7 
 fake.rf 1440.00000000 51354.35187618642494911 0.10000 7 
 fake.rf 1440.00000000 51368.26710808434492961 0.10000 7 
 fake.rf 1440.00000000 51382.69702783007344138 0.10000 7 
 fake.rf 1440.00000000 51396.36185305583729033 0.10000 7 
 fake.rf 1440.00000000 51410.61412475005137068 0.10000 7 
 fake.rf 1440.00000000 51424.09710502418459299 0.10000 7 
 fake.rf 1440.00000000 51438.26827448423292921 0.10000 7 
 fake.rf 1440.00000000 51452.57661424168903608 0.10000 7 
 fake.rf 1440.00000000 51466.15467237210147644 0.10000 7 
 fake.rf 1440.00000000 51480.13628787897788897 0.10000 7 
 fake.rf 1440.00000000 51494.17021209564464712 0.10000 7 
 fake.rf 1440.00000000 51507.81972647112792885 0.10000 7 
 fake.rf 1440.00000000 51522.03064866152712753 0.10000 7 
 fake.rf 1440.00000000 51536.11777778683615736 0.10000 7 
 fake.rf 1440.00000000 51549.72440794359348715 0.10000 7 
 fake.rf 1440.00000000 51563.94286560047785528 0.10000 7 
 fake.rf 1440.00000000 51577.66392631313015471 0.10000 7 
 fake.rf 1440.00000000 51591.57356969423122450 0.10000 7 
 fake.rf 1440.00000000 51605.55527590991091813 0.10000 7 
 fake.rf 1440.00000000 51619.77747480149247394 0.10000 7 
 fake.rf 1440.00000000 51633.74582567774405817 0.10000 7 
 fake.rf 1440.00000000 51647.90066149564873044 0.10000 7 
 fake.rf 1440.00000000 51661.46455975806549432 0.10000 7 
 fake.rf 1440.00000000 51675.72556285217403627 0.10000 7 
 fake.rf 1440.00000000 51689.36958659451012110 0.10000 7 
 fake.rf 1440.00000000 51703.45002038122052213 0.10000 7 
 fake.rf 1440.00000000 51717.70618383761730286 0.10000 7 
 fake.rf 1440.00000000 51731.59240648656765060 0.10000 7 
 fake.rf 1440.00000000 51745.23932081457930821 0.10000 7 
 fake.rf 1440.00000000 51759.43261292747410351 0.10000 7 
 fake.rf 1440.00000000 51773.53247655311068343 0.10000 7 
 fake.rf 1440.00000000 51787.28231754715325152 0.10000 7 
 fake.rf 1440.00000000 51801.42906766460415469 0.10000 7 
 fake.rf 1440.00000000 51815.33041044007128662 0.10000 7 
 fake.rf 1440.00000000 51829.44996939312856910 0.10000 7 
 fake.rf 1440.00000000 51843.22055059569399660 0.10000 7 
 fake.rf 1440.00000000 51857.30976639005428908 0.10000 7 
 fake.rf 1440.00000000 51870.97205417943060368 0.10000 7 
 fake.rf 1440.00000000 51885.08920123705198790 0.10000 7 
 fake.rf 1440.00000000 51898.79470117383752736 0.10000 7 
 fake.rf 1440.00000000 51913.14349728667908934 0.10000 7 
 fake.rf 1440.00000000 51926.66612788602182960 0.10000 7 
 fake.rf 1440.00000000 51940.72603498046552772 0.10000 7 
 fake.rf 1440.00000000 51954.65731263180315835 0.10000 7 
 fake.rf 1440.00000000 51968.97196510953880022 0.10000 7 
 fake.rf 1440.00000000 51982.67672839855719502 0.10000 7 
 fake.rf 1440.00000000 51996.86468980649096849 0.10000 7 
 fake.rf 1440.00000000 52010.93862908937200018 0.10000 7 
 fake.rf 1440.00000000 52024.59126179941896240 0.10000 7 
 fake.rf 1440.00000000 52038.79915551841275345 0.10000 7 
 fake.rf 1440.00000000 52052.46685306783608738 0.10000 7 
 fake.rf 1440.00000000 52066.79272939806991261 0.10000 7 
 fake.rf 1440.00000000 52080.52701831422902146 0.10000 7 
 fake.rf 1440.00000000 52094.46350685308581774 0.10000 7 
 fake.rf 1440.00000000 52108.42194569018955264 0.10000 7 
 fake.rf 1440.00000000 52122.50515110408007402 0.10000 7 
 fake.rf 1440.00000000 52136.56029943143227356 0.10000 7 
 fake.rf 1440.00000000 52150.14646115954750272 0.10000 7 
 fake.rf 1440.00000000 52164.15411524615680960 0.10000 7 
 fake.rf 1440.00000000 52178.56107068690716133 0.10000 7 
 fake.rf 1440.00000000 52192.37875061354358763 0.10000 7 
 fake.rf 1440.00000000 52206.52449440321274565 0.10000 7 
 fake.rf 1440.00000000 52220.05285019222742093 0.10000 7 
 fake.rf 1440.00000000 52234.05550636998925285 0.10000 7 
 fake.rf 1440.00000000 52248.14081889990863772 0.10000 7 
 fake.rf 1440.00000000 52261.82695976630668255 0.10000 7 
 fake.rf 1440.00000000 52276.30508984869097944 0.10000 7 
 fake.rf 1440.00000000 52289.85117757927412185 0.10000 7 
 fake.rf 1440.00000000 52303.90449901239373887 0.10000 7 
 fake.rf 1440.00000000 52317.87133554273966496 0.10000 7 
 fake.rf 1440.00000000 52331.82781592656749936 0.10000 7 
 fake.rf 1440.00000000 52345.60149285798713947 0.10000 7 
 fake.rf 1440.00000000 52359.79585271061056417 0.10000 7 
 fake.rf 1440.00000000 52373.85046628945778835 0.10000 7 
 fake.rf 1440.00000000 52387.59364694582282240 0.10000 7 
 fake.rf 1440.00000000 52401.47421867617575586 0.10000 7 
 fake.rf 1440.00000000 52415.93848822058946624 0.10000 7 
 fake.rf 1440.00000000 52429.90785638112639688 0.10000 7 
 fake.rf 1440.00000000 52443.23392681496143908 0.10000 7 
 fake.rf 1440.00000000 52457.38905511905538859 0.10000 7 
 fake.rf 1440.00000000 52471.60454310861204519 0.10000 7 
 fake.rf 1440.00000000 52485.30320377591934999 0.10000 7 
 fake.rf 1440.00000000 52499.15576785490900491 0.10000 7 
 fake.rf 1440.00000000 52513.14377078173469471 0.10000 7 
 fake.rf 1440.00000000 52527.48381268850123504 0.10000 7 
 fake.rf 1440.00000000 52541.33304173492061295 0.10000 7 
 fake.rf 1440.00000000 52555.44247610428104522 0.10000 7 
 fake.rf 1440.00000000 52569.20922577916277518 0.10000 7 
 fake.rf 1440.00000000 52583.34950926238496294 0.10000 7 
 fake.rf 1440.00000000 52596.83815712918988083 0.10000 7 
 fake.rf 1440.00000000 52611.05008829955535532 0.10000 7 
 fake.rf 1440.00000000 52625.04627773606353713 0.10000 7 
 fake.rf 1440.00000000 52638.71889551382952632 0.10000 7 
 fake.rf 1440.00000000 52653.16407524747171109 0.10000 7 
 fake.rf 1440.00000000 52667.20114688148794002 0.10000 7 
 fake.rf 1440.00000000 52680.99730325882417148 0.10000 7 
 fake.rf 1440.00000000 52695.16684988660999878 0.10000 7 
 fake.rf 1440.00000000 52709.05361101195231655 0.10000 7 
 fake.rf 1440.00000000 52723.10074789165627962 0.10000 7 
 fake.rf 1440.00000000 52736.69517531938182842 0.10000 7 
 fake.rf 1440.00000000 52750.58699902548913485 0.10000 7 
 fake.rf 1440.00000000 52764.62884241975136135 0.10000 7 
 fake.rf 1440.00000000 52778.70183947101090993 0.10000 7 
 fake.rf 1440.00000000 52792.82624911803117840 0.10000 7 
 fake.rf 1440.00000000 52806.29426542269724720 0.10000 7 
 fake.rf 1440.00000000 52820.81533589680593366 0.10000 7 
 fake.rf 1440.00000000 52834.19187674345737449 0.10000 7 
 fake.rf 1440.00000000 52848.16238863710401574 0.10000 7 
 fake.rf 1440.00000000 52862.69105334310437883 0.10000 7 
 fake.rf 1440.00000000 52876.09855732801574035 0.10000 7 
 fake.rf 1440.00000000 52890.26242360586714142 0.10000 7 
 fake.rf 1440.00000000 52904.37813567725360642 0.10000 7 
 fake.rf 1440.00000000 52918.18919304324423791 0.10000 7 
 fake.rf 1440.00000000 52932.24384950644119741 0.10000 7 
 fake.rf 1440.00000000 52946.38579052353041376 0.10000 7 
 fake.rf 1440.00000000 52959.90844922770508418 0.10000 7 
 fake.rf 1440.00000000 52973.85056073513393216 0.10000 7 
 fake.rf 1440.00000000 52988.14016230149636044 0.10000 7 
 fake.rf 1440.00000000 53002.13446339749745917 0.10000 7 
