FORMAT 1
MODE 1
 fake.rf 1440.00000000 50000.53287978018503424 0.10000 7 
 fake.rf 1440.00000000 50014.34935529497272100 0.10000 7 
 fake.rf 1440.00000000 50027.92714694448690338 0.10000 7 
 fake.rf 1440.00000000 50042.08218349121161594 0.10000 7 
 fake.rf 1440.00000000 50056.27616947413167381 0.10000 7 
 fake.rf 1440.00000000 50070.33736697033256036 0.10000 7 
 fake.rf 1440.00000000 50083.90103456302437124 0.10000 7 
 fake.rf 1440.00000000 50097.92940299283764105 0.10000 7 
 fake.rf 1440.00000000 50112.19837317312521208 0.10000 7 
 fake.rf 1440.00000000 50125.68702795093420121 0.10000 7 
 fake.rf 1440.00000000 50139.80075926017985211 0.10000 7 
 fake.rf 1440.00000000 50153.70238297382915960 0.10000 7 
 fake.rf 1440.00000000 50167.78775418338552328 0.10000 7 
 fake.rf 1440.00000000 50181.98155496794219488 0.10000 7 
 fake.rf 1440.00000000 50195.99440184652026176 0.10000 7 
 fake.rf 1440.00000000 50209.57574210432216333 0.10000 7 
 fake.rf 1440.00000000 50223.94245189281361874 0.10000 7 
 fake.rf 1440.00000000 50237.84792866887417873 0.10000 7 
 fake.rf 1440.00000000 50251.51070249102506793 0.10000 7 
 fake.rf 1440.00000000 50265.21948359206815482 0.10000 7 
 fake.rf 1440.00000000 50279.69185107604630147 0.10000 7 
 fake.rf 1440.00000000 50293.46702161354593130 0.10000 7 
 fake.rf 1440.00000000 50307.37789506079503354 0.10000 7 
 fake.rf 1440.00000000 50321.33753404104052009 0.10000 7 
 fake.rf 1440.00000000 50335.62865470950717750 0.10000 7 
 fake.rf 1440.00000000 50349.63241067564265308 0.10000 7 
 fake.rf 1440.00000000 50363.10555007093583058 0.10000 7 
 fake.rf 1440.00000000 50376.95755551294233854 0.10000 7 
 fake.rf 1440.00000000 50390.94164904996131327 0.10000 7 
 fake.rf 1440.00000000 50405.40928269114786886 0.10000 7 
 fake.rf 1440.00000000 50419.29381529183201494 0.10000 7 
 fake.rf 1440.00000000 50432.77008930790028174 0.10000 7 
 fake.rf 1440.00000000 50447.09242451171326493 0.10000 7 
 fake.rf 1440.00000000 50461.25964156669029492 0.10000 7 
 fake.rf 1440.00000000 50474.92917813695008888 0.10000 7 
 fake.rf 1440.00000000 50488.81705872546621450 0.10000 7 
 fake.rf 1440.00000000 50503.08369927352541495 0.10000 7 
 fake.rf 1440.00000000 50517.02179618361484259 0.10000 7 
 fake.rf 1440.00000000 50530.97627134998856846 0.10000 7 
 fake.rf 1440.00000000 50544.88344143910891049 0.10000 7 
 fake.rf 1440.00000000 50559.01508586512105126 0.10000 7 
 fake.rf 1440.00000000 50572.45485174582266197 0.10000 7 
 fake.rf 1440.00000000 50586.96853830296126731 0.10000 7 
 fake.rf 1440.00000000 50600.55711336589102345 0.10000 7 
 fake.rf 1440.00000000 50614.89557269877267842 0.10000 7 
 fake.rf 1440.00000000 50628.79366554307513226 0.10000 7 
 fake.rf 1440.00000000 50642.66847358705235038 0.10000 7 
 fake.rf 1440.00000000 50656.74520214220573777 0.10000 7 
 fake.rf 1440.00000000 50670.58699780302128701 0.10000 7 
 fake.rf 1440.00000000 50684.16280571684539069 0.10000 7 
 fake.rf 1440.00000000 50698.65320816399034243 0.10000 7 
 fake.rf 1440.00000000 50712.33893069820044985 0.10000 7 
 fake.rf 1440.00000000 50726.39480189546899780 0.10000 7 
 fake.rf 1440.00000000 50740.16763713497761401 0.10000 7 
 fake.rf 1440.00000000 50754.51789135183902246 0.10000 7 
 fake.rf 1440.00000000 50768.23644264466284426 0.10000 7 
 fake.rf 1440.00000000 50782.05125994267518763 0.10000 7 
 fake.rf 1440.00000000 50795.91287965951927674 0.10000 7 
 fake.rf 1440.00000000 50810.18832908503104306 0.10000 7 
 fake.rf 1440.00000000 50824.02546595155701326 0.10000 7 
 fake.rf 1440.00000000 50837.72627871379992825 0.10000 7 
 fake.rf 1440.00000000 50851.92448685797136676 0.10000 7 
 fake.rf 1440.00000000 50865.94279044908254050 0.10000 7 
 fake.rf 1440.00000000 50880.00416450400843615 0.10000 7 
 fake.rf 1440.00000000 50893.74114904478197730 0.10000 7 
 fake.rf 1440.00000000 50907.46721528598258999 0.10000 7 
 fake.rf 1440.00000000 50921.45469607493177833 0.10000 7 
 fake.rf 1440.00000000 50935.49654720748713643 0.10000 7 
 fake.rf 1440.00000000 50949.86560310873345614 0.10000 7 
 fake.rf 1440.00000000 50963.84578507787177060 0.10000 7 
 fake.rf 1440.00000000 50977.83303241629322500 0.10000 7 
 fake.rf 1440.00000000 50991.70529211929229518 0.10000 7 
 fake.rf 1440.00000000 51005.83013268249931116 0.10000 7 
 fake.rf 1440.00000000 51019.70262595087464064 0.10000 7 
 fake.rf 1440.00000000 51033.20168679919309085 0.10000 7 
 fake.rf 1440.00000000 51047.70321282934828488 0.10000 7 
 fake.rf 1440.00000000 51061.51202497070422481 0.10000 7 
 fake.rf 1440.00000000 51075.59078657157261460 0.10000 7 
 fake.rf 1440.00000000 51089.54060055519705941 0.10000 7 
 fake.rf 1440.00000000 51103.22943440113576230 0.10000 7 
 fake.rf 1440.00000000 51116.92223006970642984 0.10000 7 
 fake.rf 1440.00000000 51131.40067251932671866 0.10000 7 
 fake.rf 1440.00000000 51144.81345496323872979 0.10000 7 
 fake.rf 1440.00000000 51159.26701453846743206 0.10000 7 
 fake.rf 1440.00000000 51172.88985168063475228 0.10000 7 
 fake.rf 1440.00000000 51186.69111437737938530 0.10000 7 
 fake.rf 1440.00000000 51200.90145131606894680 0.10000 7 
 fake.rf 1440.00000000 51215.04399847553935388 0.10000 7 
 fake.rf 1440.00000000 51228.74510696873918292 0.10000 7 
 fake.rf 1440.00000000 51242.60245270668811557 0.10000 7 
 fake.rf 1440.00000000 51256.62036280847931735 0.10000 7 
 fake.rf 1440.00000000 51270.72717682871648037 0.10000 7 
 fake.rf 1440.00000000 51284.82095676671397655 0.10000 7 
 fake.rf 1440.00000000 51298.89539654480498498 0.10000 7 
 fake.rf 1440.00000000 51312.43514402486477621 0.10000 7 
 fake.rf 1440.00000000 51326.30413457116178222 0.10000 7 
 fake.rf 1440.00000000 51340.80953329914503769 0.10000 7 
 fake.rf 1440.00000000 51354.37498758870960813 0.10000 7 
 fake.rf 1440.00000000 51368.32405536413446967 0.10000 7 
 fake.rf 1440.00000000 51382.57006940072433920 0.10000 7 
 fake.rf 1440.00000000 51396.15393174021245315 0.10000 7 
 fake.rf 1440.00000000 51410.12847289974047627 0.10000 7 
 fake.rf 1440.00000000 51424.28497272042259070 0.10000 7 
 fake.rf 1440.00000000 51438.03190169434237333 0.10000 7 
 fake.rf 1440.00000000 51452.58382883866890012 0.10000 7 
 fake.rf 1440.00000000 51466.27761557942494619 0.10000 7 
 fake.rf 1440.00000000 51479.89762994822552500 0.10000 7 
 fake.rf 1440.00000000 51494.29659530690151215 0.10000 7 
 fake.rf 1440.00000000 51508.10736976349355487 0.10000 7 
 fake.rf 1440.00000000 51522.38209084473853849 0.10000 7 
 fake.rf 1440.00000000 51535.84144945279680172 0.10000 7 
 fake.rf 1440.00000000 51550.04991223143262857 0.10000 7 
 fake.rf 1440.00000000 51564.17463521120494718 0.10000 7 
 fake.rf 1440.00000000 51577.75166898965860796 0.10000 7 
 fake.rf 1440.00000000 51591.78525075227058139 0.10000 7 
 fake.rf 1440.00000000 51605.57103690180292332 0.10000 7 
 fake.rf 1440.00000000 51619.65422612322939244 0.10000 7 
 fake.rf 1440.00000000 51633.93637093909828550 0.10000 7 
 fake.rf 1440.00000000 51647.90293031361526133 0.10000 7 
 fake.rf 1440.00000000 51661.72545410138851096 0.10000 7 
 fake.rf 1440.00000000 51675.90317072524478448 0.10000 7 
 fake.rf 1440.00000000 51689.92586626713364595 0.10000 7 
 fake.rf 1440.00000000 51703.89343007774748529 0.10000 7 
 fake.rf 1440.00000000 51717.53648606559523415 0.10000 7 
 fake.rf 1440.00000000 51731.67184744805007668 0.10000 7 
 fake.rf 1440.00000000 51745.21738481887331318 0.10000 7 
 fake.rf 1440.00000000 51759.43432408221457308 0.10000 7 
 fake.rf 1440.00000000 51773.44664360235083578 0.10000 7 
 fake.rf 1440.00000000 51787.26252804683300113 0.10000 7 
 fake.rf 1440.00000000 51801.46676113943163244 0.10000 7 
 fake.rf 1440.00000000 51815.09665405256792425 0.10000 7 
 fake.rf 1440.00000000 51829.20129352362392083 0.10000 7 
 fake.rf 1440.00000000 51843.41829387150914599 0.10000 7 
 fake.rf 1440.00000000 51857.24291273139777658 0.10000 7 
 fake.rf 1440.00000000 51871.13270721119333118 0.10000 7 
 fake.rf 1440.00000000 51885.27319411665281024 0.10000 7 
 fake.rf 1440.00000000 51898.82982576384695506 0.10000 7 
 fake.rf 1440.00000000 51913.04452736369562516 0.10000 7 
 fake.rf 1440.00000000 51926.95553901159201970 0.10000 7 
 fake.rf 1440.00000000 51941.02783781342817448 0.10000 7 
 fake.rf 1440.00000000 51954.88881988881834673 0.10000 7 
 fake.rf 1440.00000000 51968.96408290757746684 0.10000 7 
 fake.rf 1440.00000000 51982.61640388774975463 0.10000 7 
 fake.rf 1440.00000000 51996.64033501170588991 0.10000 7 
 fake.rf 1440.00000000 52010.99752450970770923 0.10000 7 
 fake.rf 1440.00000000 52024.72165339216461177 0.10000 7 
 fake.rf 1440.00000000 52038.56959673697248903 0.10000 7 
 fake.rf 1440.00000000 52052.38153484255577652 0.10000 7 
 fake.rf 1440.00000000 52066.42603457428310065 0.10000 7 
 fake.rf 1440.00000000 52080.27876332860787656 0.10000 7 
 fake.rf 1440.00000000 52094.61811800951289086 0.10000 7 
 fake.rf 1440.00000000 52108.21189371415858815 0.10000 7 
 fake.rf 1440.00000000 52122.12554410636829871 0.10000 7 
 fake.rf 1440.00000000 52136.47068868496559091 0.10000 7 
 fake.rf 1440.00000000 52150.41241315240484866 0.10000 7 
 fake.rf 1440.00000000 52164.49965094243535901 0.10000 7 
 fake.rf 1440.00000000 52178.42855894517559534 0.10000 7 
 fake.rf 1440.00000000 52191.95878206651975972 0.10000 7 
 fake.rf 1440.00000000 52206.09656545487880663 0.10000 7 
 fake.rf 1440.00000000 52219.87958395110888787 0.10000 7 
 fake.rf 1440.00000000 52234.31893292040592058 0.10000 7 
 fake.rf 1440.00000000 52248.12483528736991900 0.10000 7 
 fake.rf 1440.00000000 52262.05071933887814950 0.10000 7 
 fake.rf 1440.00000000 52276.07862804732920026 0.10000 7 
 fake.rf 1440.00000000 52289.74737533029451697 0.10000 7 
 fake.rf 1440.00000000 52304.26794662053238483 0.10000 7 
 fake.rf 1440.00000000 52317.80790157774980287 0.10000 7 
 fake.rf 1440.00000000 52331.73817326752694612 0.10000 7 
 fake.rf 1440.00000000 52345.84500556843094898 0.10000 7 
 fake.rf 1440.00000000 52360.00086488592647882 0.10000 7 
 fake.rf 1440.00000000 52374.04166144367605895 0.10000 7 
 fake.rf 1440.00000000 52388.04770188156088651 0.10000 7 
 fake.rf 1440.00000000 52401.65038365451136571 0.10000 7 
 fake.rf 1440.00000000 52415.38172727128007367 0.10000 7 
 fake.rf 1440.00000000 52429.44992488342289150 0.10000 7 
 fake.rf 1440.00000000 52443.44802220415038008 0.10000 7 
 fake.rf 1440.00000000 52457.60838746324178672 0.10000 7 
 fake.rf 1440.00000000 52471.56275449990750914 0.10000 7 
 fake.rf 1440.00000000 52485.41101602645177593 0.10000 7 
 fake.rf 1440.00000000 52499.65410699730635002 0.10000 7 
 fake.rf 1440.00000000 52513.49942887469050490 0.10000 7 
 fake.rf 1440.00000000 52527.05860446340490100 0.10000 7 
 fake.rf 1440.00000000 52541.60036389901271292 0.10000 7 
 fake.rf 1440.00000000 52555.39756218752176409 0.10000 7 
 fake.rf 1440.00000000 52569.34010843553394210 0.10000 7 
 fake.rf 1440.00000000 52583.19515175544907493 0.10000 7 
 fake.rf 1440.00000000 52597.11781390919675871 0.10000 7 
 fake.rf 1440.00000000 52611.02749426307979164 0.10000 7 
 fake.rf 1440.00000000 52625.11765338269037073 0.10000 7 
 fake.rf 1440.00000000 52639.21632500001503985 0.10000 7 
 fake.rf 1440.00000000 52652.94724996517650339 0.10000 7 
 fake.rf 1440.00000000 52666.84831742981754843 0.10000 7 
 fake.rf 1440.00000000 52680.79111749174375134 0.10000 7 
 fake.rf 1440.00000000 52695.15281924190126617 0.10000 7 
 fake.rf 1440.00000000 52709.12002142087685996 0.10000 7 
 fake.rf 1440.00000000 52722.76979485389714242 0.10000 7 
 fake.rf 1440.00000000 52737.02362730411234892 0.10000 7 
 fake.rf 1440.00000000 52750.56901055486367724 0.10000 7 
 fake.rf 1440.00000000 52764.85394834715814127 0.10000 7 
 fake.rf 1440.00000000 52778.58617248735107808 0.10000 7 
 fake.rf 1440.00000000 52792.32564114532558364 0.10000 7 
 fake.rf 1440.00000000 52806.68960159469482463 0.10000 7 
 fake.rf 1440.00000000 52820.46609226022538763 0.10000 7 
 fake.rf 1440.00000000 52834.51313538574895290 0.10000 7 
 fake.rf 1440.00000000 52848.64666549926301897 0.10000 7 
 fake.rf 1440.00000000 52862.52957988021984903 0.10000 7 
 fake.rf 1440.00000000 52876.61294638217903241 0.10000 7 
 fake.rf 1440.00000000 52890.27840113277134648 0.10000 7 
 fake.rf 1440.00000000 52904.15390855557934913 0.10000 7 
 fake.rf 1440.00000000 52918.12376268425332881 0.10000 7 
 fake.rf 1440.00000000 52932.07053449498724973 0.10000 7 
 fake.rf 1440.00000000 52946.49625654940282615 0.10000 7 
 fake.rf 1440.00000000 52960.06351230851448619 0.10000 7 
 fake.rf 1440.00000000 52973.92360301983616111 0.10000 7 
 fake.rf 1440.00000000 52988.18474936154973776 0.10000 7 
 fake.rf 1440.00000000 53001.73277746681493028 0.10000 7 
