FORMAT 1
MODE 1
 fake.rf 1440.00000000 50000.42111755965627040 0.10000 7 
 fake.rf 1440.00000000 50013.97648549012109243 0.10000 7 
 fake.rf 1440.00000000 50028.13908669740408541 0.10000 7 
 fake.rf 1440.00000000 50042.02083196342343641 0.10000 7 
 fake.rf 1440.00000000 50056.37976418396692324 0.10000 7 
 fake.rf 1440.00000000 50070.31151635428932067 0.10000 7 
 fake.rf 1440.00000000 50084.13255525109083877 0.10000 7 
 fake.rf 1440.00000000 50097.80584683057443129 0.10000 7 
 fake.rf 1440.00000000 50112.13752694909741336 0.10000 7 
 fake.rf 1440.00000000 50125.96399401805048512 0.10000 7 
 fake.rf 1440.00000000 50139.99195188014212476 0.10000 7 
 fake.rf 1440.00000000 50153.94902369591078184 0.10000 7 
 fake.rf 1440.00000000 50168.02576675205877876 0.10000 7 
 fake.rf 1440.00000000 50181.71022180954201630 0.10000 7 
 fake.rf 1440.00000000 50195.43774394048321952 0.10000 7 
 fake.rf 1440.00000000 50209.95884842405411064 0.10000 7 
 fake.rf 1440.00000000 50223.37882328392588960 0.10000 7 
 fake.rf 1440.00000000 50237.58772869801899219 0.10000 7 
 fake.rf 1440.00000000 50251.52743574665396409 0.10000 7 
 fake.rf 1440.00000000 50265.78583348829995003 0.10000 7 
 fake.rf 1440.00000000 50279.24921265862748143 0.10000 7 
 fake.rf 1440.00000000 50293.31051226919512231 0.10000 7 
 fake.rf 1440.00000000 50307.27259091003929825 0.10000 7 
 fake.rf 1440.00000000 50321.31637018255710103 0.10000 7 
 fake.rf 1440.00000000 50335.38574994623353120 0.10000 7 
 fake.rf 1440.00000000 50349.33282652094433729 0.10000 7 
 fake.rf 1440.00000000 50363.17388724357737928 0.10000 7 
 fake.rf 1440.00000000 50377.51541555756057988 0.10000 7 
 fake.rf 1440.00000000 50391.36080881479743354 0.10000 7 
 fake.rf 1440.00000000 50404.83457536539242483 0.10000 7 
 fake.rf 1440.00000000 50419.42902440292838762 0.10000 7 
 fake.rf 1440.00000000 50433.06600382393828141 0.10000 7 
 fake.rf 1440.00000000 50446.80003106113846911 0.10000 7 
 fake.rf 1440.00000000 50460.92864068838883185 0.10000 7 
 fake.rf 1440.00000000 50475.15225811674588030 0.10000 7 
 fake.rf 1440.00000000 50488.61677698324740504 0.10000 7 
 fake.rf 1440.00000000 50502.71536494663237704 0.10000 7 
 fake.rf 1440.00000000 50516.79824717759276709 0.10000 7 
 fake.rf 1440.00000000 50530.64095046988443016 0.10000 7 
 fake.rf 1440.00000000 50545.10944446154019616 0.10000 7 
 fake.rf 1440.00000000 50559.05701996847092516 0.10000 7 
 fake.rf 1440.00000000 50572.96590705352804207 0.10000 7 
 fake.rf 1440.00000000 50586.76303237111363842 0.10000 7 
 fake.rf 1440.00000000 50600.82557701978792863 0.10000 7 
 fake.rf 1440.00000000 50614.45714525248136795 0.10000 7 
 fake.rf 1440.00000000 50628.68668534905843970 0.10000 7 
 fake.rf 1440.00000000 50642.64189393436859632 0.10000 7 
 fake.rf 1440.00000000 50656.39832971791300054 0.10000 7 
 fake.rf 1440.00000000 50670.20833470145307587 0.10000 7 
 fake.rf 1440.00000000 50684.14147631421641549 0.10000 7 
 fake.rf 1440.00000000 50698.19453599773216368 0.10000 7 
 fake.rf 1440.00000000 50712.17281280451603465 0.10000 7 
 fake.rf 1440.00000000 50726.20548006651140938 0.10000 7 
 fake.rf 1440.00000000 50740.25884442564248289 0.10000 7 
 fake.rf 1440.00000000 50754.31912670093187145 0.10000 7 
 fake.rf 1440.00000000 50768.45939985120704563 0.10000 7 
 fake.rf 1440.00000000 50781.83140007976207642 0.10000 7 
 fake.rf 1440.00000000 50795.77096921208190139 0.10000 7 
 fake.rf 1440.00000000 50810.29099658018404284 0.10000 7 
 fake.rf 1440.00000000 50824.21328291209736605 0.10000 7 
 fake.rf 1440.00000000 50837.66484463289551954 0.10000 7 
 fake.rf 1440.00000000 50852.15088055918676702 0.10000 7 
 fake.rf 1440.00000000 50865.74837223619888604 0.10000 7 
 fake.rf 1440.00000000 50879.63885397762531326 0.10000 7 
 fake.rf 1440.00000000 50893.62505891697606586 0.10000 7 
 fake.rf 1440.00000000 50907.48439404349509729 0.10000 7 
 fake.rf 1440.00000000 50921.54428733724060407 0.10000 7 
 fake.rf 1440.00000000 50935.66730634945598766 0.10000 7 
 fake.rf 1440.00000000 50949.64774986915076838 0.10000 7 
 fake.rf 1440.00000000 50963.58857247376921507 0.10000 7 
 fake.rf 1440.00000000 50977.55164497464316753 0.10000 7 
 fake.rf 1440.00000000 50991.51788998513399065 0.10000 7 
 fake.rf 1440.00000000 51005.40582579149848641 0.10000 7 
 fake.rf 1440.00000000 51019.20424962876128916 0.10000 7 
 fake.rf 1440.00000000 51033.27126532617045740 0.10000 7 
 fake.rf 1440.00000000 51047.49566208498855957 0.10000 7 
 fake.rf 1440.00000000 51061.56185211411685998 0.10000 7 
 fake.rf 1440.00000000 51075.62230246408658019 0.10000 7 
 fake.rf 1440.00000000 51088.97469450340739883 0.10000 7 
 fake.rf 1440.00000000 51103.55578219305028753 0.10000 7 
 fake.rf 1440.00000000 51116.92093343005227268 0.10000 7 
 fake.rf 1440.00000000 51131.03127794852403909 0.10000 7 
 fake.rf 1440.00000000 51144.96220186198896585 0.10000 7 
 fake.rf 1440.00000000 51159.06491316810769732 0.10000 7 
 fake.rf 1440.00000000 51173.26684810718477792 0.10000 7 
 fake.rf 1440.00000000 51187.29628031621762219 0.10000 7 
 fake.rf 1440.00000000 51200.91082413307423948 0.10000 7 
 fake.rf 1440.00000000 51215.18965201429839595 0.10000 7 
 fake.rf 1440.00000000 51229.19687953016804371 0.10000 7 
 fake.rf 1440.00000000 51242.70301007897196044 0.10000 7 
 fake.rf 1440.00000000 51256.94235030821250376 0.10000 7 
 fake.rf 1440.00000000 51271.10603224151555324 0.10000 7 
 fake.rf 1440.00000000 51284.46975817017866817 0.10000 7 
 fake.rf 1440.00000000 51299.01148285004980565 0.10000 7 
 fake.rf 1440.00000000 51312.43720590031253437 0.10000 7 
 fake.rf 1440.00000000 51326.49202950534664325 0.10000 7 
 fake.rf 1440.00000000 51340.93131543366635583 0.10000 7 
 fake.rf 1440.00000000 51354.45515774750980853 0.10000 7 
 fake.rf 1440.00000000 51368.67122650777823267 0.10000 7 
 fake.rf 1440.00000000 51382.46251527038186424 0.10000 7 
 fake.rf 1440.00000000 51396.63207296131871971 0.10000 7 
 fake.rf 1440.00000000 51410.18277355367215620 0.10000 7 
 fake.rf 1440.00000000 51424.64520009777977094 0.10000 7 
 fake.rf 1440.00000000 51438.07425298169968997 0.10000 7 
 fake.rf 1440.00000000 51452.12827019523507843 0.10000 7 
 fake.rf 1440.00000000 51466.02927189137337294 0.10000 7 
 fake.rf 1440.00000000 51480.38761427985908625 0.10000 7 
 fake.rf 1440.00000000 51493.87938080997068369 0.10000 7 
 fake.rf 1440.00000000 51507.87905892749177994 0.10000 7 
 fake.rf 1440.00000000 51522.29468609411439672 0.10000 7 
 fake.rf 1440.00000000 51535.73909970968504979 0.10000 7 
 fake.rf 1440.00000000 51549.80882185128626105 0.10000 7 
 fake.rf 1440.00000000 51563.70635291292455449 0.10000 7 
 fake.rf 1440.00000000 51577.78658320624675682 0.10000 7 
 fake.rf 1440.00000000 51591.99724270070195686 0.10000 7 
 fake.rf 1440.00000000 51606.13493473683122659 0.10000 7 
 fake.rf 1440.00000000 51619.61615670907798048 0.10000 7 
 fake.rf 1440.00000000 51633.47958599835783033 0.10000 7 
 fake.rf 1440.00000000 51647.93433200111560311 0.10000 7 
 fake.rf 1440.00000000 51661.46100758464773861 0.10000 7 
 fake.rf 1440.00000000 51675.53546016301002908 0.10000 7 
 fake.rf 1440.00000000 51689.60110580199313901 0.10000 7 
 fake.rf 1440.00000000 51703.32968930310752498 0.10000 7 
 fake.rf 1440.00000000 51717.47276058331748416 0.10000 7 
 fake.rf 1440.00000000 51731.45169034427827626 0.10000 7 
 fake.rf 1440.00000000 51745.31088960077797978 0.10000 7 
 fake.rf 1440.00000000 51759.54701054924696635 0.10000 7 
 fake.rf 1440.00000000 51773.33678555669058596 0.10000 7 
 fake.rf 1440.00000000 51787.42471996957934621 0.10000 7 
 fake.rf 1440.00000000 51801.24846895118079715 0.10000 7 
 fake.rf 1440.00000000 51815.53442564486791966 0.10000 7 
 fake.rf 1440.00000000 51829.16347702535971464 0.10000 7 
 fake.rf 1440.00000000 51843.24281939074216297 0.10000 7 
 fake.rf 1440.00000000 51857.36276195938561884 0.10000 7 
 fake.rf 1440.00000000 51871.12575903314206371 0.10000 7 
 fake.rf 1440.00000000 51885.29734465919527153 0.10000 7 
 fake.rf 1440.00000000 51899.35651506212580131 0.10000 7 
 fake.rf 1440.00000000 51912.84941385586505191 0.10000 7 
 fake.rf 1440.00000000 51927.21765870941935717 0.10000 7 
 fake.rf 1440.00000000 51940.64806658149894147 0.10000 7 
 fake.rf 1440.00000000 51954.59481864651053229 0.10000 7 
 fake.rf 1440.00000000 51969.11236998532859488 0.10000 7 
 fake.rf 1440.00000000 51982.65072604063114525 0.10000 7 
 fake.rf 1440.00000000 51996.53323514854953302 0.10000 7 
 fake.rf 1440.00000000 52010.50257615018505675 0.10000 7 
 fake.rf 1440.00000000 52024.95648448467698444 0.10000 7 
 fake.rf 1440.00000000 52039.01491165509356307 0.10000 7 
 fake.rf 1440.00000000 52052.50370076600609792 0.10000 7 
 fake.rf 1440.00000000 52066.85926443308430223 0.10000 7 
 fake.rf 1440.00000000 52080.74399702571303550 0.10000 7 
 fake.rf 1440.00000000 52094.46435436554667930 0.10000 7 
 fake.rf 1440.00000000 52108.26593003613066557 0.10000 7 
 fake.rf 1440.00000000 52122.25453433321591490 0.10000 7 
 fake.rf 1440.00000000 52136.40836793331628485 0.10000 7 
 fake.rf 1440.00000000 52150.39124094672962784 0.10000 7 
 fake.rf 1440.00000000 52164.39700101636717378 0.10000 7 
 fake.rf 1440.00000000 52178.44826002237032014 0.10000 7 
 fake.rf 1440.00000000 52192.03881327970923465 0.10000 7 
 fake.rf 1440.00000000 52206.53924122567633859 0.10000 7 
 fake.rf 1440.00000000 52220.04999389533292842 0.10000 7 
 fake.rf 1440.00000000 52234.16918893368333698 0.10000 7 
 fake.rf 1440.00000000 52248.32713295680700583 0.10000 7 
 fake.rf 1440.00000000 52262.17182981987822998 0.10000 7 
 fake.rf 1440.00000000 52275.74192657196925893 0.10000 7 
 fake.rf 1440.00000000 52290.05803923109072073 0.10000 7 
 fake.rf 1440.00000000 52303.70395926192018266 0.10000 7 
 fake.rf 1440.00000000 52318.15053439089515663 0.10000 7 
 fake.rf 1440.00000000 52331.89737683095098220 0.10000 7 
 fake.rf 1440.00000000 52345.74108840537206788 0.10000 7 
 fake.rf 1440.00000000 52359.92746775489246147 0.10000 7 
 fake.rf 1440.00000000 52373.80961086105143565 0.10000 7 
 fake.rf 1440.00000000 52387.63830052718934382 0.10000 7 
 fake.rf 1440.00000000 52401.71379057104493526 0.10000 7 
 fake.rf 1440.00000000 52415.83918243575586970 0.10000 7 
 fake.rf 1440.00000000 52429.58860736414408876 0.10000 7 
 fake.rf 1440.00000000 52443.67166442051283681 0.10000 7 
 fake.rf 1440.00000000 52457.62252402087463565 0.10000 7 
 fake.rf 1440.00000000 52471.46860222265770446 0.10000 7 
 fake.rf 1440.00000000 52485.74534107649082770 0.10000 7 
 fake.rf 1440.00000000 52499.42332378082609878 0.10000 7 
 fake.rf 1440.00000000 52513.19236059334584255 0.10000 7 
 fake.rf 1440.00000000 52527.22768294018834823 0.10000 7 
 fake.rf 1440.00000000 52541.41213397951000275 0.10000 7 
 fake.rf 1440.00000000 52555.20800121258312032 0.10000 7 
 fake.rf 1440.00000000 52569.43538316605958016 0.10000 7 
 fake.rf 1440.00000000 52582.97426661729340225 0.10000 7 
 fake.rf 1440.00000000 52597.48078671930344186 0.10000 7 
 fake.rf 1440.00000000 52611.13098696114402131 0.10000 7 
 fake.rf 1440.00000000 52624.96531646203753851 0.10000 7 
 fake.rf 1440.00000000 52639.34382385710819463 0.10000 7 
 fake.rf 1440.00000000 52653.20966961093198577 0.10000 7 
 fake.rf 1440.00000000 52667.20142017665475009 0.10000 7 
 fake.rf 1440.00000000 52681.10943099016966684 0.10000 7 
 fake.rf 1440.00000000 52694.85819971897128156 0.10000 7 
 fake.rf 1440.00000000 52709.12493983928674268 0.10000 7 
 fake.rf 1440.00000000 52722.72062267479231679 0.10000 7 
 fake.rf 1440.00000000 52736.82020412471303317 0.10000 7 
 fake.rf 1440.00000000 52750.90507865795015974 0.10000 7 
 fake.rf 1440.00000000 52764.95249676428307950 0.10000 7 
 fake.rf 1440.00000000 52778.93401588552181991 0.10000 7 
 fake.rf 1440.00000000 52792.57682912812507325 0.10000 7 
 fake.rf 1440.00000000 52806.54461641685982443 0.10000 7 
 fake.rf 1440.00000000 52820.39305122190335950 0.10000 7 
 fake.rf 1440.00000000 52834.81624727881725079 0.10000 7 
 fake.rf 1440.00000000 52848.28098587149218801 0.10000 7 
 fake.rf 1440.00000000 52862.58373827715609750 0.10000 7 
 fake.rf 1440.00000000 52876.46155079669470922 0.10000 7 
 fake.rf 1440.00000000 52890.58204166474687113 0.10000 7 
 fake.rf 1440.00000000 52904.10243172512561927 0.10000 7 
 fake.rf 1440.00000000 52918.29520922121466597 0.10000 7 
 fake.rf 1440.00000000 52932.13190884266190750 0.10000 7 
 fake.rf 1440.00000000 52946.12622839204172109 0.10000 7 
 fake.rf 1440.00000000 52960.39255436815552258 0.10000 7 
 fake.rf 1440.00000000 52974.45193104740758727 0.10000 7 
 fake.rf 1440.00000000 52988.28034387735537436 0.10000 7 
 fake.rf 1440.00000000 53002.14561119286662105 0.10000 7 
