FORMAT 1
MODE 1
 fake.rf 1440.00000000 50000.04061879585021089 0.10000 7 
 fake.rf 1440.00000000 50014.41377786316237675 0.10000 7 
 fake.rf 1440.00000000 50027.96747152025660910 0.10000 7 
 fake.rf 1440.00000000 50042.14317987891726247 0.10000 7 
 fake.rf 1440.00000000 50056.26640578154471584 0.10000 7 
 fake.rf 1440.00000000 50070.39083795717485259 0.10000 7 
 fake.rf 1440.00000000 50083.92985627483640343 0.10000 7 
 fake.rf 1440.00000000 50097.99931908385794443 0.10000 7 
 fake.rf 1440.00000000 50111.91074601546066702 0.10000 7 
 fake.rf 1440.00000000 50125.75473044837561432 0.10000 7 
 fake.rf 1440.00000000 50140.12476889899085108 0.10000 7 
 fake.rf 1440.00000000 50154.17400329463281139 0.10000 7 
 fake.rf 1440.00000000 50168.14108833487382100 0.10000 7 
 fake.rf 1440.00000000 50181.93010430167490554 0.10000 7 
 fake.rf 1440.00000000 50195.99908388157357919 0.10000 7 
 fake.rf 1440.00000000 50209.64720824617437600 0.10000 7 
 fake.rf 1440.00000000 50223.44223757967902344 0.10000 7 
 fake.rf 1440.00000000 50237.39787801005957846 0.10000 7 
 fake.rf 1440.00000000 50251.50742447654950951 0.10000 7 
 fake.rf 1440.00000000 50265.47208511389474594 0.10000 7 
 fake.rf 1440.00000000 50279.76870412761651963 0.10000 7 
 fake.rf 1440.00000000 50293.79428915369918229 0.10000 7 
 fake.rf 1440.00000000 50307.25100004745964100 0.10000 7 
 fake.rf 1440.00000000 50321.10623515601265865 0.10000 7 
 fake.rf 1440.00000000 50335.36282375736485761 0.10000 7 
 fake.rf 1440.00000000 50349.36112699600145604 0.10000 7 
 fake.rf 1440.00000000 50363.24890777952160548 0.10000 7 
 fake.rf 1440.00000000 50377.14338170833777042 0.10000 7 
 fake.rf 1440.00000000 50391.23928770607971117 0.10000 7 
 fake.rf 1440.00000000 50404.99370742360468967 0.10000 7 
 fake.rf 1440.00000000 50418.79167466888288729 0.10000 7 
 fake.rf 1440.00000000 50433.22895961835066814 0.10000 7 
 fake.rf 1440.00000000 50446.72809780244593725 0.10000 7 
 fake.rf 1440.00000000 50460.78465146839021216 0.10000 7 
 fake.rf 1440.00000000 50474.76920412245489089 0.10000 7 
 fake.rf 1440.00000000 50489.09646093614434292 0.10000 7 
 fake.rf 1440.00000000 50502.64900616112991116 0.10000 7 
 fake.rf 1440.00000000 50516.87746988969093564 0.10000 7 
 fake.rf 1440.00000000 50530.64574893124466470 0.10000 7 
 fake.rf 1440.00000000 50544.81461382664412341 0.10000 7 
 fake.rf 1440.00000000 50558.92528799843773513 0.10000 7 
 fake.rf 1440.00000000 50572.43516498265357839 0.10000 7 
 fake.rf 1440.00000000 50586.69149031997159938 0.10000 7 
 fake.rf 1440.00000000 50600.80747560546294039 0.10000 7 
 fake.rf 1440.00000000 50614.81126126042337177 0.10000 7 
 fake.rf 1440.00000000 50628.50812558227256233 0.10000 7 
 fake.rf 1440.00000000 50642.31046130534612359 0.10000 7 
 fake.rf 1440.00000000 50656.14750229483187027 0.10000 7 
 fake.rf 1440.00000000 50670.50489983815556982 0.10000 7 
 fake.rf 1440.00000000 50684.45500808049866492 0.10000 7 
 fake.rf 1440.00000000 50698.29493576425735668 0.10000 7 
 fake.rf 1440.00000000 50712.32051169237227839 0.10000 7 
 fake.rf 1440.00000000 50726.33443111784193746 0.10000 7 
 fake.rf 1440.00000000 50740.33596240028075997 0.10000 7 
 fake.rf 1440.00000000 50754.25499953596203895 0.10000 7 
 fake.rf 1440.00000000 50767.89706692138716804 0.10000 7 
 fake.rf 1440.00000000 50781.93512751898107282 0.10000 7 
 fake.rf 1440.00000000 50795.78017144187271370 0.10000 7 
 fake.rf 1440.00000000 50810.02160552896604528 0.10000 7 
 fake.rf 1440.00000000 50824.19379816449635712 0.10000 7 
 fake.rf 1440.00000000 50837.83148791889721707 0.10000 7 
 fake.rf 1440.00000000 50851.90911525352067457 0.10000 7 
 fake.rf 1440.00000000 50865.89015230094572928 0.10000 7 
 fake.rf 1440.00000000 50879.73187292765817702 0.10000 7 
 fake.rf 1440.00000000 50893.90428000867799696 0.10000 7 
 fake.rf 1440.00000000 50907.90809574811041571 0.10000 7 
 fake.rf 1440.00000000 50921.44863263326496394 0.10000 7 
 fake.rf 1440.00000000 50935.87847771342219616 0.10000 7 
 fake.rf 1440.00000000 50949.48231654175254945 0.10000 7 
 fake.rf 1440.00000000 50963.49602521694872337 0.10000 7 
 fake.rf 1440.00000000 50977.46629458294609449 0.10000 7 
 fake.rf 1440.00000000 50991.88570026152689607 0.10000 7 
 fake.rf 1440.00000000 51005.44751198808000225 0.10000 7 
 fake.rf 1440.00000000 51019.71233280005887423 0.10000 7 
 fake.rf 1440.00000000 51033.61928314316941879 0.10000 7 
 fake.rf 1440.00000000 51047.22310664113001266 0.10000 7 
 fake.rf 1440.00000000 51061.22301778461651622 0.10000 7 
 fake.rf 1440.00000000 51075.63719662858470727 0.10000 7 
 fake.rf 1440.00000000 51089.11628715395769618 0.10000 7 
 fake.rf 1440.00000000 51103.51182186726832057 0.10000 7 
 fake.rf 1440.00000000 51117.24766841380121818 0.10000 7 
 fake.rf 1440.00000000 51131.27157940061650621 0.10000 7 
 fake.rf 1440.00000000 51145.06424941661364514 0.10000 7 
 fake.rf 1440.00000000 51158.85224138907019409 0.10000 7 
 fake.rf 1440.00000000 51172.91590977942100338 0.10000 7 
 fake.rf 1440.00000000 51187.33250963833269509 0.10000 7 
 fake.rf 1440.00000000 51200.80079508227488461 0.10000 7 
 fake.rf 1440.00000000 51214.94075013113208428 0.10000 7 
 fake.rf 1440.00000000 51228.57395331805562932 0.10000 7 
 fake.rf 1440.00000000 51242.98856556662050110 0.10000 7 
 fake.rf 1440.00000000 51256.67227265257995228 0.10000 7 
 fake.rf 1440.00000000 51270.64805834981359212 0.10000 7 
 fake.rf 1440.00000000 51284.51185733206327910 0.10000 7 
 fake.rf 1440.00000000 51298.88149418799469714 0.10000 7 
 fake.rf 1440.00000000 51312.73722653765746315 0.10000 7 
 fake.rf 1440.00000000 51326.81165869070806806 0.10000 7 
 fake.rf 1440.00000000 51340.55667065065784627 0.10000 7 
 fake.rf 1440.00000000 51354.65783269708120784 0.10000 7 
 fake.rf 1440.00000000 51368.53366935933266646 0.10000 7 
 fake.rf 1440.00000000 51382.58741282824102825 0.10000 7 
 fake.rf 1440.00000000 51396.74050961735986931 0.10000 7 
 fake.rf 1440.00000000 51410.62484166017388887 0.10000 7 
 fake.rf 1440.00000000 51424.46955027518043480 0.10000 7 
 fake.rf 1440.00000000 51438.22268480725171358 0.10000 7 
 fake.rf 1440.00000000 51452.41006374183119476 0.10000 7 
 fake.rf 1440.00000000 51466.19994879354397455 0.10000 7 
 fake.rf 1440.00000000 51480.26179953853877791 0.10000 7 
 fake.rf 1440.00000000 51494.48731565844925839 0.10000 7 
 fake.rf 1440.00000000 51508.06293896566188906 0.10000 7 
 fake.rf 1440.00000000 51522.30877304108854631 0.10000 7 
 fake.rf 1440.00000000 51536.30138327581517999 0.10000 7 
 fake.rf 1440.00000000 51550.31774582181590105 0.10000 7 
 fake.rf 1440.00000000 51563.95905020287646181 0.10000 7 
 fake.rf 1440.00000000 51577.78255662159939732 0.10000 7 
 fake.rf 1440.00000000 51591.62513721293395363 0.10000 7 
 fake.rf 1440.00000000 51606.03500266021417175 0.10000 7 
 fake.rf 1440.00000000 51619.64666837129405863 0.10000 7 
 fake.rf 1440.00000000 51633.66242710179277964 0.10000 7 
 fake.rf 1440.00000000 51647.58380705119602894 0.10000 7 
 fake.rf 1440.00000000 51661.53356865379796758 0.10000 7 
 fake.rf 1440.00000000 51676.00216566988713041 0.10000 7 
 fake.rf 1440.00000000 51689.64547877584473312 0.10000 7 
 fake.rf 1440.00000000 51703.60925210891731751 0.10000 7 
 fake.rf 1440.00000000 51717.31320750294676358 0.10000 7 
 fake.rf 1440.00000000 51731.36438360368372713 0.10000 7 
 fake.rf 1440.00000000 51745.22211533326604282 0.10000 7 
 fake.rf 1440.00000000 51759.70539567792585345 0.10000 7 
 fake.rf 1440.00000000 51773.53980978400161561 0.10000 7 
 fake.rf 1440.00000000 51787.53692960624387709 0.10000 7 
 fake.rf 1440.00000000 51801.26760593134523702 0.10000 7 
 fake.rf 1440.00000000 51815.19398960113088393 0.10000 7 
 fake.rf 1440.00000000 51829.38243224020506972 0.10000 7 
 fake.rf 1440.00000000 51843.03566677353726533 0.10000 7 
 fake.rf 1440.00000000 51857.51165175703317800 0.10000 7 
 fake.rf 1440.00000000 51870.82478840713105939 0.10000 7 
 fake.rf 1440.00000000 51885.37029457385446207 0.10000 7 
 fake.rf 1440.00000000 51899.00772397698355576 0.10000 7 
 fake.rf 1440.00000000 51913.08760410675434471 0.10000 7 
 fake.rf 1440.00000000 51927.23018582205837035 0.10000 7 
 fake.rf 1440.00000000 51941.14813127509939505 0.10000 7 
 fake.rf 1440.00000000 51954.84540476383121188 0.10000 7 
 fake.rf 1440.00000000 51969.01882285423891972 0.10000 7 
 fake.rf 1440.00000000 51982.99135691679947868 0.10000 7 
 fake.rf 1440.00000000 51997.03482758300479816 0.10000 7 
 fake.rf 1440.00000000 52011.06997805380582278 0.10000 7 
 fake.rf 1440.00000000 52024.92331879780147830 0.10000 7 
 fake.rf 1440.00000000 52038.74821434479492765 0.10000 7 
 fake.rf 1440.00000000 52052.43325661302980478 0.10000 7 
 fake.rf 1440.00000000 52066.34058214806044518 0.10000 7 
 fake.rf 1440.00000000 52080.79175030662499069 0.10000 7 
 fake.rf 1440.00000000 52094.46478023483523145 0.10000 7 
 fake.rf 1440.00000000 52108.21226223361932384 0.10000 7 
 fake.rf 1440.00000000 52122.34496962966105116 0.10000 7 
 fake.rf 1440.00000000 52136.68666556985824911 0.10000 7 
 fake.rf 1440.00000000 52150.17632906073252741 0.10000 7 
 fake.rf 1440.00000000 52164.39843854043986937 0.10000 7 
 fake.rf 1440.00000000 52178.63609238863162787 0.10000 7 
 fake.rf 1440.00000000 52191.98059554874271271 0.10000 7 
 fake.rf 1440.00000000 52206.07534520075006057 0.10000 7 
 fake.rf 1440.00000000 52220.34834490869561208 0.10000 7 
 fake.rf 1440.00000000 52234.12841715871608628 0.10000 7 
 fake.rf 1440.00000000 52248.18777653783952886 0.10000 7 
 fake.rf 1440.00000000 52262.02077834346744467 0.10000 7 
 fake.rf 1440.00000000 52276.15897787629934967 0.10000 7 
 fake.rf 1440.00000000 52290.06588156797580780 0.10000 7 
 fake.rf 1440.00000000 52303.91691275504233261 0.10000 7 
 fake.rf 1440.00000000 52317.97217782982946588 0.10000 7 
 fake.rf 1440.00000000 52331.55473704671530299 0.10000 7 
 fake.rf 1440.00000000 52345.52387440087467141 0.10000 7 
 fake.rf 1440.00000000 52359.75994728962673008 0.10000 7 
 fake.rf 1440.00000000 52373.96534467275361635 0.10000 7 
 fake.rf 1440.00000000 52387.66998158861593993 0.10000 7 
 fake.rf 1440.00000000 52401.45103194059755936 0.10000 7 
 fake.rf 1440.00000000 52415.66718952609359405 0.10000 7 
 fake.rf 1440.00000000 52429.45352307379122436 0.10000 7 
 fake.rf 1440.00000000 52443.30795006862891938 0.10000 7 
 fake.rf 1440.00000000 52457.41567439604579093 0.10000 7 
 fake.rf 1440.00000000 52471.73179626358319538 0.10000 7 
 fake.rf 1440.00000000 52485.30949149131970088 0.10000 7 
 fake.rf 1440.00000000 52499.36276749526132335 0.10000 7 
 fake.rf 1440.00000000 52513.50161690100411960 0.10000 7 
 fake.rf 1440.00000000 52527.45723485652127849 0.10000 7 
 fake.rf 1440.00000000 52541.29621885902284717 0.10000 7 
 fake.rf 1440.00000000 52555.60600173834555449 0.10000 7 
 fake.rf 1440.00000000 52569.27487505386430300 0.10000 7 
 fake.rf 1440.00000000 52583.30841527580628636 0.10000 7 
 fake.rf 1440.00000000 52597.21186705656868909 0.10000 7 
 fake.rf 1440.00000000 52611.15662023372203038 0.10000 7 
 fake.rf 1440.00000000 52625.23955633403629761 0.10000 7 
 fake.rf 1440.00000000 52639.27598386208903847 0.10000 7 
 fake.rf 1440.00000000 52652.86529618872007674 0.10000 7 
 fake.rf 1440.00000000 52666.76653057137294667 0.10000 7 
 fake.rf 1440.00000000 52680.90054350967296770 0.10000 7 
 fake.rf 1440.00000000 52695.02775039674827440 0.10000 7 
 fake.rf 1440.00000000 52709.10541038796089097 0.10000 7 
 fake.rf 1440.00000000 52722.51788644364342673 0.10000 7 
 fake.rf 1440.00000000 52736.53435054953718719 0.10000 7 
 fake.rf 1440.00000000 52750.70550170063485496 0.10000 7 
 fake.rf 1440.00000000 52764.40542971165628572 0.10000 7 
 fake.rf 1440.00000000 52778.42925717341250547 0.10000 7 
 fake.rf 1440.00000000 52792.87470735317834070 0.10000 7 
 fake.rf 1440.00000000 52806.81825883575548275 0.10000 7 
 fake.rf 1440.00000000 52820.58494925232385242 0.10000 7 
 fake.rf 1440.00000000 52834.18300918381330433 0.10000 7 
 fake.rf 1440.00000000 52848.38094428065833341 0.10000 7 
 fake.rf 1440.00000000 52862.63886101776030912 0.10000 7 
 fake.rf 1440.00000000 52876.12957394597341576 0.10000 7 
 fake.rf 1440.00000000 52890.47345955544913210 0.10000 7 
 fake.rf 1440.00000000 52904.41905747813780891 0.10000 7 
 fake.rf 1440.00000000 52918.19235843332888791 0.10000 7 
 fake.rf 1440.00000000 52931.96107936781439207 0.10000 7 
 fake.rf 1440.00000000 52946.08375277741517806 0.10000 7 
 fake.rf 1440.00000000 52959.85089775795171718 0.10000 7 
 fake.rf 1440.00000000 52974.16349547684505694 0.10000 7 
 fake.rf 1440.00000000 52987.96751117838928025 0.10000 7 
 fake.rf 1440.00000000 53002.10842212653101058 0.10000 7 
