FORMAT 1
MODE 1
 fake.rf 1440.00000000 50000.08718823525707364 0.10000 7 
 fake.rf 1440.00000000 50014.49954839935352169 0.10000 7 
 fake.rf 1440.00000000 50027.95677203235182873 0.10000 7 
 fake.rf 1440.00000000 50042.46229816516282085 0.10000 7 
 fake.rf 1440.00000000 50056.28264529693431228 0.10000 7 
 fake.rf 1440.00000000 50070.03407394195033930 0.10000 7 
 fake.rf 1440.00000000 50083.81239389800578721 0.10000 7 
 fake.rf 1440.00000000 50097.80497997076160743 0.10000 7 
 fake.rf 1440.00000000 50111.72184154901626840 0.10000 7 
 fake.rf 1440.00000000 50125.61604764241575083 0.10000 7 
 fake.rf 1440.00000000 50139.72600255733463825 0.10000 7 
 fake.rf 1440.00000000 50153.69755420797456935 0.10000 7 
 fake.rf 1440.00000000 50167.80113757910664773 0.10000 7 
 fake.rf 1440.00000000 50181.64924652611775358 0.10000 7 
 fake.rf 1440.00000000 50195.68285172083847101 0.10000 7 
 fake.rf 1440.00000000 50209.60344470225576075 0.10000 7 
 fake.rf 1440.00000000 50223.43333121860648660 0.10000 7 
 fake.rf 1440.00000000 50237.93851951501712705 0.10000 7 
 fake.rf 1440.00000000 50251.49539845195527477 0.10000 7 
 fake.rf 1440.00000000 50265.56144620058894290 0.10000 7 
 fake.rf 1440.00000000 50279.69611056704289709 0.10000 7 
 fake.rf 1440.00000000 50293.44859521547644476 0.10000 7 
 fake.rf 1440.00000000 50307.23008791850196531 0.10000 7 
 fake.rf 1440.00000000 50321.34857632374126979 0.10000 7 
 fake.rf 1440.00000000 50335.57925468569937166 0.10000 7 
 fake.rf 1440.00000000 50349.16769439657873164 0.10000 7 
 fake.rf 1440.00000000 50363.44708229863913473 0.10000 7 
 fake.rf 1440.00000000 50377.48313163290760741 0.10000 7 
 fake.rf 1440.00000000 50391.42239514576102977 0.10000 7 
 fake.rf 1440.00000000 50404.87735810578207918 0.10000 7 
 fake.rf 1440.00000000 50419.09254447855834869 0.10000 7 
 fake.rf 1440.00000000 50432.78773140278036280 0.10000 7 
 fake.rf 1440.00000000 50447.35994732161202236 0.10000 7 
 fake.rf 1440.00000000 50461.07058338114433838 0.10000 7 
 fake.rf 1440.00000000 50474.64285588767431179 0.10000 7 
 fake.rf 1440.00000000 50489.07364489301125943 0.10000 7 
 fake.rf 1440.00000000 50502.57393567344421470 0.10000 7 
 fake.rf 1440.00000000 50516.62942093760542406 0.10000 7 
 fake.rf 1440.00000000 50531.09102214757374227 0.10000 7 
 fake.rf 1440.00000000 50544.54640047224978616 0.10000 7 
 fake.rf 1440.00000000 50558.53431791196567602 0.10000 7 
 fake.rf 1440.00000000 50572.47743336504204237 0.10000 7 
 fake.rf 1440.00000000 50586.60925613010970281 0.10000 7 
 fake.rf 1440.00000000 50600.73898300770953185 0.10000 7 
 fake.rf 1440.00000000 50614.56843347431826530 0.10000 7 
 fake.rf 1440.00000000 50628.77208754243743982 0.10000 7 
 fake.rf 1440.00000000 50642.19396668220783653 0.10000 7 
 fake.rf 1440.00000000 50656.55819645728477596 0.10000 7 
 fake.rf 1440.00000000 50670.63859820950654367 0.10000 7 
 fake.rf 1440.00000000 50684.32224905104891732 0.10000 7 
 fake.rf 1440.00000000 50698.12408598021692541 0.10000 7 
 fake.rf 1440.00000000 50712.37737822823947553 0.10000 7 
 fake.rf 1440.00000000 50726.51840644520564894 0.10000 7 
 fake.rf 1440.00000000 50740.13996205245937432 0.10000 7 
 fake.rf 1440.00000000 50753.88330214267496743 0.10000 7 
 fake.rf 1440.00000000 50768.29323471845743754 0.10000 7 
 fake.rf 1440.00000000 50782.20812285332502256 0.10000 7 
 fake.rf 1440.00000000 50796.26907683613579536 0.10000 7 
 fake.rf 1440.00000000 50810.08661821982169826 0.10000 7 
 fake.rf 1440.00000000 50823.97899587696232970 0.10000 7 
 fake.rf 1440.00000000 50838.19980563434760157 0.10000 7 
 fake.rf 1440.00000000 50852.27075937542353401 0.10000 7 
 fake.rf 1440.00000000 50865.89655011701029608 0.10000 7 
 fake.rf 1440.00000000 50880.06113509520008620 0.10000 7 
 fake.rf 1440.00000000 50893.88095098113626591 0.10000 7 
 fake.rf 1440.00000000 50907.78390695243633246 0.10000 7 
 fake.rf 1440.00000000 50921.75084040982561362 0.10000 7 
 fake.rf 1440.00000000 50935.77583974869456540 0.10000 7 
 fake.rf 1440.00000000 50949.77250707545746522 0.10000 7 
 fake.rf 1440.00000000 50963.57260116108621872 0.10000 7 
 fake.rf 1440.00000000 50977.75787155500805881 0.10000 7 
 fake.rf 1440.00000000 50991.78068236195408502 0.10000 7 
 fake.rf 1440.00000000 51005.56211795187036273 0.10000 7 
 fake.rf 1440.00000000 51019.25077057336453734 0.10000 7 
 fake.rf 1440.00000000 51033.44153424457043400 0.10000 7 
 fake.rf 1440.00000000 51047.09064639592032009 0.10000 7 
 fake.rf 1440.00000000 51061.68784577821347881 0.10000 7 
 fake.rf 1440.00000000 51075.33871472809962455 0.10000 7 
 fake.rf 1440.00000000 51089.39028275105786037 0.10000 7 
 fake.rf 1440.00000000 51103.43944326588512084 0.10000 7 
 fake.rf 1440.00000000 51117.47885577242146837 0.10000 7 
 fake.rf 1440.00000000 51131.37048676361131427 0.10000 7 
 fake.rf 1440.00000000 51145.04449893214463430 0.10000 7 
 fake.rf 1440.00000000 51159.26316571063638960 0.10000 7 
 fake.rf 1440.00000000 51172.81457837519224796 0.10000 7 
 fake.rf 1440.00000000 51186.93682338207246474 0.10000 7 
 fake.rf 1440.00000000 51200.93698219017695905 0.10000 7 
 fake.rf 1440.00000000 51215.10817565472099133 0.10000 7 
 fake.rf 1440.00000000 51228.66293402201974061 0.10000 7 
 fake.rf 1440.00000000 51243.18552698101198928 0.10000 7 
 fake.rf 1440.00000000 51256.62065755535618194 0.10000 7 
 fake.rf 1440.00000000 51271.10111839195162275 0.10000 7 
 fake.rf 1440.00000000 51285.06622447669534992 0.10000 7 
 fake.rf 1440.00000000 51298.83203850631522869 0.10000 7 
 fake.rf 1440.00000000 51312.84864372470728711 0.10000 7 
 fake.rf 1440.00000000 51326.67179179826113256 0.10000 7 
 fake.rf 1440.00000000 51340.37878787956302418 0.10000 7 
 fake.rf 1440.00000000 51354.40055260352341548 0.10000 7 
 fake.rf 1440.00000000 51368.28692602446630389 0.10000 7 
 fake.rf 1440.00000000 51382.69548219418033241 0.10000 7 
 fake.rf 1440.00000000 51396.55556707304080888 0.10000 7 
 fake.rf 1440.00000000 51410.66543700100941550 0.10000 7 
 fake.rf 1440.00000000 51424.46836329095043183 0.10000 7 
 fake.rf 1440.00000000 51438.14810981100249165 0.10000 7 
 fake.rf 1440.00000000 51451.98485845387013526 0.10000 7 
 fake.rf 1440.00000000 51466.01677454828184821 0.10000 7 
 fake.rf 1440.00000000 51480.05052593635124936 0.10000 7 
 fake.rf 1440.00000000 51493.85603331432287888 0.10000 7 
 fake.rf 1440.00000000 51508.24371108355454396 0.10000 7 
 fake.rf 1440.00000000 51522.36725655496078957 0.10000 7 
 fake.rf 1440.00000000 51536.26015056950194904 0.10000 7 
 fake.rf 1440.00000000 51550.05880030797112923 0.10000 7 
 fake.rf 1440.00000000 51564.11220276296254994 0.10000 7 
 fake.rf 1440.00000000 51577.71733503141278021 0.10000 7 
 fake.rf 1440.00000000 51591.77287760332807665 0.10000 7 
 fake.rf 1440.00000000 51606.08258547537374383 0.10000 7 
 fake.rf 1440.00000000 51619.84818874001786781 0.10000 7 
 fake.rf 1440.00000000 51633.94211622536158401 0.10000 7 
 fake.rf 1440.00000000 51647.79457697280046702 0.10000 7 
 fake.rf 1440.00000000 51661.81983134513518507 0.10000 7 
 fake.rf 1440.00000000 51675.80791113847942952 0.10000 7 
 fake.rf 1440.00000000 51689.80039523881338681 0.10000 7 
 fake.rf 1440.00000000 51703.67766984119448637 0.10000 7 
 fake.rf 1440.00000000 51717.66908182491041046 0.10000 7 
 fake.rf 1440.00000000 51731.46560599645072998 0.10000 7 
 fake.rf 1440.00000000 51745.39771188238142940 0.10000 7 
 fake.rf 1440.00000000 51759.25049796041675165 0.10000 7 
 fake.rf 1440.00000000 51773.45891100699865106 0.10000 7 
 fake.rf 1440.00000000 51787.45100760445581045 0.10000 7 
 fake.rf 1440.00000000 51801.22839319831424021 0.10000 7 
 fake.rf 1440.00000000 51815.21692180514624226 0.10000 7 
 fake.rf 1440.00000000 51829.10732939055004564 0.10000 7 
 fake.rf 1440.00000000 51843.03281099647749741 0.10000 7 
 fake.rf 1440.00000000 51856.86249196286251717 0.10000 7 
 fake.rf 1440.00000000 51871.13753880126660079 0.10000 7 
 fake.rf 1440.00000000 51884.93799501887507120 0.10000 7 
 fake.rf 1440.00000000 51898.83781817936484160 0.10000 7 
 fake.rf 1440.00000000 51913.18484249649063500 0.10000 7 
 fake.rf 1440.00000000 51926.82903219685132967 0.10000 7 
 fake.rf 1440.00000000 51941.15475917600201683 0.10000 7 
 fake.rf 1440.00000000 51954.99688840458311745 0.10000 7 
 fake.rf 1440.00000000 51968.57219813765467364 0.10000 7 
 fake.rf 1440.00000000 51982.73480094901635340 0.10000 7 
 fake.rf 1440.00000000 51996.66855869471734408 0.10000 7 
 fake.rf 1440.00000000 52010.55389338620885198 0.10000 7 
 fake.rf 1440.00000000 52024.81026483096955815 0.10000 7 
 fake.rf 1440.00000000 52038.42528985938668740 0.10000 7 
 fake.rf 1440.00000000 52052.78112052843021118 0.10000 7 
 fake.rf 1440.00000000 52066.50297891866691202 0.10000 7 
 fake.rf 1440.00000000 52080.67535740441809722 0.10000 7 
 fake.rf 1440.00000000 52094.42800187368831644 0.10000 7 
 fake.rf 1440.00000000 52108.17616612436998125 0.10000 7 
 fake.rf 1440.00000000 52122.37925473665565690 0.10000 7 
 fake.rf 1440.00000000 52136.71406649988111681 0.10000 7 
 fake.rf 1440.00000000 52150.49186880749275730 0.10000 7 
 fake.rf 1440.00000000 52164.52970776899399397 0.10000 7 
 fake.rf 1440.00000000 52178.16818475595409765 0.10000 7 
 fake.rf 1440.00000000 52192.50366585730619207 0.10000 7 
 fake.rf 1440.00000000 52206.12147725084074068 0.10000 7 
 fake.rf 1440.00000000 52220.45694364853576275 0.10000 7 
 fake.rf 1440.00000000 52233.94136969654385894 0.10000 7 
 fake.rf 1440.00000000 52248.25260245962499894 0.10000 7 
 fake.rf 1440.00000000 52261.85003578829376991 0.10000 7 
 fake.rf 1440.00000000 52275.96483618653419256 0.10000 7 
 fake.rf 1440.00000000 52290.14397595092196980 0.10000 7 
 fake.rf 1440.00000000 52304.05468221843725019 0.10000 7 
 fake.rf 1440.00000000 52318.00816491478088821 0.10000 7 
 fake.rf 1440.00000000 52332.12535391894160597 0.10000 7 
 fake.rf 1440.00000000 52345.75464388539488070 0.10000 7 
 fake.rf 1440.00000000 52360.05720901545907253 0.10000 7 
 fake.rf 1440.00000000 52373.87168447049409181 0.10000 7 
 fake.rf 1440.00000000 52388.04799632709071489 0.10000 7 
 fake.rf 1440.00000000 52401.96409725443471928 0.10000 7 
 fake.rf 1440.00000000 52415.97940152367537436 0.10000 7 
 fake.rf 1440.00000000 52429.46103053880025868 0.10000 7 
 fake.rf 1440.00000000 52443.30069228271610982 0.10000 7 
 fake.rf 1440.00000000 52457.61059408513443714 0.10000 7 
 fake.rf 1440.00000000 52471.41214083602769946 0.10000 7 
 fake.rf 1440.00000000 52485.64585934866602202 0.10000 7 
 fake.rf 1440.00000000 52499.71584556240573960 0.10000 7 
 fake.rf 1440.00000000 52513.06133019411258545 0.10000 7 
 fake.rf 1440.00000000 52527.08591925694373614 0.10000 7 
 fake.rf 1440.00000000 52541.60896240912852662 0.10000 7 
 fake.rf 1440.00000000 52555.19576183106734391 0.10000 7 
 fake.rf 1440.00000000 52568.92672198855214205 0.10000 7 
 fake.rf 1440.00000000 52583.26579350526531442 0.10000 7 
 fake.rf 1440.00000000 52596.92865795030944653 0.10000 7 
 fake.rf 1440.00000000 52611.00298788026922026 0.10000 7 
 fake.rf 1440.00000000 52625.04909982311262695 0.10000 7 
 fake.rf 1440.00000000 52639.03466836667224982 0.10000 7 
 fake.rf 1440.00000000 52652.81602408852278430 0.10000 7 
 fake.rf 1440.00000000 52667.05145489955750193 0.10000 7 
 fake.rf 1440.00000000 52680.71981561927162829 0.10000 7 
 fake.rf 1440.00000000 52694.80349735940649225 0.10000 7 
 fake.rf 1440.00000000 52708.52528800261556086 0.10000 7 
 fake.rf 1440.00000000 52723.07768121036466269 0.10000 7 
 fake.rf 1440.00000000 52737.11029528159430413 0.10000 7 
 fake.rf 1440.00000000 52750.82379464045109430 0.10000 7 
 fake.rf 1440.00000000 52764.86493629457859811 0.10000 7 
 fake.rf 1440.00000000 52778.56506635366356051 0.10000 7 
 fake.rf 1440.00000000 52792.61935701283049482 0.10000 7 
 fake.rf 1440.00000000 52806.51320014144559067 0.10000 7 
 fake.rf 1440.00000000 52820.42786810200174585 0.10000 7 
 fake.rf 1440.00000000 52834.43648572834028698 0.10000 7 
 fake.rf 1440.00000000 52848.38385925949220123 0.10000 7 
 fake.rf 1440.00000000 52862.48504897249765122 0.10000 7 
 fake.rf 1440.00000000 52876.37155444095775891 0.10000 7 
 fake.rf 1440.00000000 52890.66705574613994045 0.10000 7 
 fake.rf 1440.00000000 52904.60801836827774380 0.10000 7 
 fake.rf 1440.00000000 52918.09980167808995688 0.10000 7 
 fake.rf 1440.00000000 52932.50351525340452952 0.10000 7 
 fake.rf 1440.00000000 52946.49485528193926598 0.10000 7 
 fake.rf 1440.00000000 52960.04945366619287483 0.10000 7 
 fake.rf 1440.00000000 52974.34776985870810506 0.10000 7 
 fake.rf 1440.00000000 52987.96413531418242471 0.10000 7 
 fake.rf 1440.00000000 53001.95458659282920877 0.10000 7 
