FORMAT 1
MODE 1
 fake.rf 1440.00000000 49999.94466321982850587 0.10000 7 
 fake.rf 1440.00000000 50014.51206983530286720 0.10000 7 
 fake.rf 1440.00000000 50028.50189565707297490 0.10000 7 
 fake.rf 1440.00000000 50042.47660263632785416 0.10000 7 
 fake.rf 1440.00000000 50056.33664887780715347 0.10000 7 
 fake.rf 1440.00000000 50069.99894087842910650 0.10000 7 
 fake.rf 1440.00000000 50084.27015596975433454 0.10000 7 
 fake.rf 1440.00000000 50097.71120193927173503 0.10000 7 
 fake.rf 1440.00000000 50111.70648799313801192 0.10000 7 
 fake.rf 1440.00000000 50125.95572956605717252 0.10000 7 
 fake.rf 1440.00000000 50140.05890537267819340 0.10000 7 
 fake.rf 1440.00000000 50153.69004683716561743 0.10000 7 
 fake.rf 1440.00000000 50167.70106285638720323 0.10000 7 
 fake.rf 1440.00000000 50181.57379006009379907 0.10000 7 
 fake.rf 1440.00000000 50195.64810906790948408 0.10000 7 
 fake.rf 1440.00000000 50209.60672136196649262 0.10000 7 
 fake.rf 1440.00000000 50223.40467259819045864 0.10000 7 
 fake.rf 1440.00000000 50237.38331470741319151 0.10000 7 
 fake.rf 1440.00000000 50251.28998823161812481 0.10000 7 
 fake.rf 1440.00000000 50265.87839157356512487 0.10000 7 
 fake.rf 1440.00000000 50279.57629412956005055 0.10000 7 
 fake.rf 1440.00000000 50293.62990590504234234 0.10000 7 
 fake.rf 1440.00000000 50307.71610332984093361 0.10000 7 
 fake.rf 1440.00000000 50321.15671828284486011 0.10000 7 
 fake.rf 1440.00000000 50335.59808785025012767 0.10000 7 
 fake.rf 1440.00000000 50349.34493402176910593 0.10000 7 
 fake.rf 1440.00000000 50363.48990824204307515 0.10000 7 
 fake.rf 1440.00000000 50377.05329908237613523 0.10000 7 
 fake.rf 1440.00000000 50390.95349105720199745 0.10000 7 
 fake.rf 1440.00000000 50405.48010134274601768 0.10000 7 
 fake.rf 1440.00000000 50419.24848028800954580 0.10000 7 
 fake.rf 1440.00000000 50432.83908657164267098 0.10000 7 
 fake.rf 1440.00000000 50447.30466289660167689 0.10000 7 
 fake.rf 1440.00000000 50461.10109371645549814 0.10000 7 
 fake.rf 1440.00000000 50474.70463306822761851 0.10000 7 
 fake.rf 1440.00000000 50489.06848168201293348 0.10000 7 
 fake.rf 1440.00000000 50503.23209724550786959 0.10000 7 
 fake.rf 1440.00000000 50517.14507774046886013 0.10000 7 
 fake.rf 1440.00000000 50530.98819841268544906 0.10000 7 
 fake.rf 1440.00000000 50544.51865943691786853 0.10000 7 
 fake.rf 1440.00000000 50558.71910751118586447 0.10000 7 
 fake.rf 1440.00000000 50572.70363011407990683 0.10000 7 
 fake.rf 1440.00000000 50586.57012533719275638 0.10000 7 
 fake.rf 1440.00000000 50600.81981547296501489 0.10000 7 
 fake.rf 1440.00000000 50614.71529133587473126 0.10000 7 
 fake.rf 1440.00000000 50628.69433163953218724 0.10000 7 
 fake.rf 1440.00000000 50642.27419351771295553 0.10000 7 
 fake.rf 1440.00000000 50656.67251336736763889 0.10000 7 
 fake.rf 1440.00000000 50670.66842181431561087 0.10000 7 
 fake.rf 1440.00000000 50684.19318326037985045 0.10000 7 
 fake.rf 1440.00000000 50698.55146587088512433 0.10000 7 
 fake.rf 1440.00000000 50712.28350293704730234 0.10000 7 
 fake.rf 1440.00000000 50726.56676888084715671 0.10000 7 
 fake.rf 1440.00000000 50740.38280827483327329 0.10000 7 
 fake.rf 1440.00000000 50754.26035307163969890 0.10000 7 
 fake.rf 1440.00000000 50768.35654796032097025 0.10000 7 
 fake.rf 1440.00000000 50781.95765962735639221 0.10000 7 
 fake.rf 1440.00000000 50796.01840470774200043 0.10000 7 
 fake.rf 1440.00000000 50810.38288317926928528 0.10000 7 
 fake.rf 1440.00000000 50823.92241286106669662 0.10000 7 
 fake.rf 1440.00000000 50837.88132762288001487 0.10000 7 
 fake.rf 1440.00000000 50852.05241114089690413 0.10000 7 
 fake.rf 1440.00000000 50865.88743981405616879 0.10000 7 
 fake.rf 1440.00000000 50879.68349030282650247 0.10000 7 
 fake.rf 1440.00000000 50893.68923070222108151 0.10000 7 
 fake.rf 1440.00000000 50907.83269146781631775 0.10000 7 
 fake.rf 1440.00000000 50922.03081659429214056 0.10000 7 
 fake.rf 1440.00000000 50935.57173200560262316 0.10000 7 
 fake.rf 1440.00000000 50949.66639926963418716 0.10000 7 
 fake.rf 1440.00000000 50963.74587119242788802 0.10000 7 
 fake.rf 1440.00000000 50977.52214033043175334 0.10000 7 
 fake.rf 1440.00000000 50991.85548179458176676 0.10000 7 
 fake.rf 1440.00000000 51005.29103566324752350 0.10000 7 
 fake.rf 1440.00000000 51019.63869278508852645 0.10000 7 
 fake.rf 1440.00000000 51033.59328379295149247 0.10000 7 
 fake.rf 1440.00000000 51047.62920623407459075 0.10000 7 
 fake.rf 1440.00000000 51061.32746307647840922 0.10000 7 
 fake.rf 1440.00000000 51075.56680865583845019 0.10000 7 
 fake.rf 1440.00000000 51089.37261037820192655 0.10000 7 
 fake.rf 1440.00000000 51103.10500172655487106 0.10000 7 
 fake.rf 1440.00000000 51116.90733484081394877 0.10000 7 
 fake.rf 1440.00000000 51131.10964518921275257 0.10000 7 
 fake.rf 1440.00000000 51145.27896634944415410 0.10000 7 
 fake.rf 1440.00000000 51159.40279147146558358 0.10000 7 
 fake.rf 1440.00000000 51172.79270067184121373 0.10000 7 
 fake.rf 1440.00000000 51186.87779264642945876 0.10000 7 
 fake.rf 1440.00000000 51201.13603875593459946 0.10000 7 
 fake.rf 1440.00000000 51214.83195232580308343 0.10000 7 
 fake.rf 1440.00000000 51229.01601546342219606 0.10000 7 
 fake.rf 1440.00000000 51243.01029944151545692 0.10000 7 
 fake.rf 1440.00000000 51256.95063540886228282 0.10000 7 
 fake.rf 1440.00000000 51271.13183937882990548 0.10000 7 
 fake.rf 1440.00000000 51284.66876623564388638 0.10000 7 
 fake.rf 1440.00000000 51298.48235703314040634 0.10000 7 
 fake.rf 1440.00000000 51312.49783752613764065 0.10000 7 
 fake.rf 1440.00000000 51326.74539749802644550 0.10000 7 
 fake.rf 1440.00000000 51340.74067513512900973 0.10000 7 
 fake.rf 1440.00000000 51354.32584014056235944 0.10000 7 
 fake.rf 1440.00000000 51368.81920825635106098 0.10000 7 
 fake.rf 1440.00000000 51382.28071257281679607 0.10000 7 
 fake.rf 1440.00000000 51396.65024223095361222 0.10000 7 
 fake.rf 1440.00000000 51410.29143890917920601 0.10000 7 
 fake.rf 1440.00000000 51424.12451073421856051 0.10000 7 
 fake.rf 1440.00000000 51438.63448699528178309 0.10000 7 
 fake.rf 1440.00000000 51451.99490020835573745 0.10000 7 
 fake.rf 1440.00000000 51466.48745577144952534 0.10000 7 
 fake.rf 1440.00000000 51480.40491388069243328 0.10000 7 
 fake.rf 1440.00000000 51494.16847663371099841 0.10000 7 
 fake.rf 1440.00000000 51508.27193721707076079 0.10000 7 
 fake.rf 1440.00000000 51522.03342311481901916 0.10000 7 
 fake.rf 1440.00000000 51536.23426992315005180 0.10000 7 
 fake.rf 1440.00000000 51550.17828968763700814 0.10000 7 
 fake.rf 1440.00000000 51564.18031200581302187 0.10000 7 
 fake.rf 1440.00000000 51577.92203937053416851 0.10000 7 
 fake.rf 1440.00000000 51592.02811029902374784 0.10000 7 
 fake.rf 1440.00000000 51606.12493454497298728 0.10000 7 
 fake.rf 1440.00000000 51619.98997999924189273 0.10000 7 
 fake.rf 1440.00000000 51633.72585638627488436 0.10000 7 
 fake.rf 1440.00000000 51647.55682031328172243 0.10000 7 
 fake.rf 1440.00000000 51661.64415494134408391 0.10000 7 
 fake.rf 1440.00000000 51675.41254138255751371 0.10000 7 
 fake.rf 1440.00000000 51689.88873403888562663 0.10000 7 
 fake.rf 1440.00000000 51703.52883200555719867 0.10000 7 
 fake.rf 1440.00000000 51717.53903808637891970 0.10000 7 
 fake.rf 1440.00000000 51731.86704754152859564 0.10000 7 
 fake.rf 1440.00000000 51745.56085208156219934 0.10000 7 
 fake.rf 1440.00000000 51759.19017756960409216 0.10000 7 
 fake.rf 1440.00000000 51773.55169067252995774 0.10000 7 
 fake.rf 1440.00000000 51787.53555302331113808 0.10000 7 
 fake.rf 1440.00000000 51801.02980597670308072 0.10000 7 
 fake.rf 1440.00000000 51815.55771618181153215 0.10000 7 
 fake.rf 1440.00000000 51829.28266757335030590 0.10000 7 
 fake.rf 1440.00000000 51843.12300990674942724 0.10000 7 
 fake.rf 1440.00000000 51857.52221798967072885 0.10000 7 
 fake.rf 1440.00000000 51871.12870506573352003 0.10000 7 
 fake.rf 1440.00000000 51885.03435333557268905 0.10000 7 
 fake.rf 1440.00000000 51899.29767638611967584 0.10000 7 
 fake.rf 1440.00000000 51912.85984768468423312 0.10000 7 
 fake.rf 1440.00000000 51927.23395141750462045 0.10000 7 
 fake.rf 1440.00000000 51940.97229446071061787 0.10000 7 
 fake.rf 1440.00000000 51955.00084435048071541 0.10000 7 
 fake.rf 1440.00000000 51968.94735431208446030 0.10000 7 
 fake.rf 1440.00000000 51982.66794312392010369 0.10000 7 
 fake.rf 1440.00000000 51996.73674142440149737 0.10000 7 
 fake.rf 1440.00000000 52010.46320486832390273 0.10000 7 
 fake.rf 1440.00000000 52024.99475733022697455 0.10000 7 
 fake.rf 1440.00000000 52038.53193927391796336 0.10000 7 
 fake.rf 1440.00000000 52052.82834085377998790 0.10000 7 
 fake.rf 1440.00000000 52066.46732919051117605 0.10000 7 
 fake.rf 1440.00000000 52080.54036773887311540 0.10000 7 
 fake.rf 1440.00000000 52094.29566335727761128 0.10000 7 
 fake.rf 1440.00000000 52108.40793084254591250 0.10000 7 
 fake.rf 1440.00000000 52122.32872147327452339 0.10000 7 
 fake.rf 1440.00000000 52136.42900783766091166 0.10000 7 
 fake.rf 1440.00000000 52150.58970741970411922 0.10000 7 
 fake.rf 1440.00000000 52164.21006687861159179 0.10000 7 
 fake.rf 1440.00000000 52178.04238387738380567 0.10000 7 
 fake.rf 1440.00000000 52192.53730170303445846 0.10000 7 
 fake.rf 1440.00000000 52206.55740034949084105 0.10000 7 
 fake.rf 1440.00000000 52220.41180572908309543 0.10000 7 
 fake.rf 1440.00000000 52234.43920256673286318 0.10000 7 
 fake.rf 1440.00000000 52248.35877080974562148 0.10000 7 
 fake.rf 1440.00000000 52261.97635366506525756 0.10000 7 
 fake.rf 1440.00000000 52275.88231892441204351 0.10000 7 
 fake.rf 1440.00000000 52290.23932132521127514 0.10000 7 
 fake.rf 1440.00000000 52304.16828395249114791 0.10000 7 
 fake.rf 1440.00000000 52318.01812355024745216 0.10000 7 
 fake.rf 1440.00000000 52332.01000840772173106 0.10000 7 
 fake.rf 1440.00000000 52345.53936835173320219 0.10000 7 
 fake.rf 1440.00000000 52359.80153783288763236 0.10000 7 
 fake.rf 1440.00000000 52373.56999176643067884 0.10000 7 
 fake.rf 1440.00000000 52387.83279431959986283 0.10000 7 
 fake.rf 1440.00000000 52401.41303314507816324 0.10000 7 
 fake.rf 1440.00000000 52415.60696862224911285 0.10000 7 
 fake.rf 1440.00000000 52429.31012892056101293 0.10000 7 
 fake.rf 1440.00000000 52443.32172389275930158 0.10000 7 
 fake.rf 1440.00000000 52457.41877125369055790 0.10000 7 
 fake.rf 1440.00000000 52471.36400621560520818 0.10000 7 
 fake.rf 1440.00000000 52485.71022886935330121 0.10000 7 
 fake.rf 1440.00000000 52499.48449058862551553 0.10000 7 
 fake.rf 1440.00000000 52513.54099016575172598 0.10000 7 
 fake.rf 1440.00000000 52527.68073451375639138 0.10000 7 
 fake.rf 1440.00000000 52541.60548980996347268 0.10000 7 
 fake.rf 1440.00000000 52554.95433939500140141 0.10000 7 
 fake.rf 1440.00000000 52569.23259614667114192 0.10000 7 
 fake.rf 1440.00000000 52583.35627712600481587 0.10000 7 
 fake.rf 1440.00000000 52597.03037889625753820 0.10000 7 
 fake.rf 1440.00000000 52611.17917871813100916 0.10000 7 
 fake.rf 1440.00000000 52625.16933692521931576 0.10000 7 
 fake.rf 1440.00000000 52638.90176340630457119 0.10000 7 
 fake.rf 1440.00000000 52652.94319467024818948 0.10000 7 
 fake.rf 1440.00000000 52666.99897576717073377 0.10000 7 
 fake.rf 1440.00000000 52680.68919658643288528 0.10000 7 
 fake.rf 1440.00000000 52695.05310337492333517 0.10000 7 
 fake.rf 1440.00000000 52709.05307584418631706 0.10000 7 
 fake.rf 1440.00000000 52723.13852513057655358 0.10000 7 
 fake.rf 1440.00000000 52736.80295396756205051 0.10000 7 
 fake.rf 1440.00000000 52750.69099210017549950 0.10000 7 
 fake.rf 1440.00000000 52764.80655229497905623 0.10000 7 
 fake.rf 1440.00000000 52778.70523381261023488 0.10000 7 
 fake.rf 1440.00000000 52792.89366747299020943 0.10000 7 
 fake.rf 1440.00000000 52806.81590762268884731 0.10000 7 
 fake.rf 1440.00000000 52820.34895116413419558 0.10000 7 
 fake.rf 1440.00000000 52834.82251640533432635 0.10000 7 
 fake.rf 1440.00000000 52848.31025141859162986 0.10000 7 
 fake.rf 1440.00000000 52862.25134797018019484 0.10000 7 
 fake.rf 1440.00000000 52876.10806758267443684 0.10000 7 
 fake.rf 1440.00000000 52890.39774271713145026 0.10000 7 
 fake.rf 1440.00000000 52904.32230027732266819 0.10000 7 
 fake.rf 1440.00000000 52918.56346858163154323 0.10000 7 
 fake.rf 1440.00000000 52931.99896486875273283 0.10000 7 
 fake.rf 1440.00000000 52946.01824807903235026 0.10000 7 
 fake.rf 1440.00000000 52960.43738675390654080 0.10000 7 
 fake.rf 1440.00000000 52973.83586444792495485 0.10000 7 
 fake.rf 1440.00000000 52987.90888993834774467 0.10000 7 
 fake.rf 1440.00000000 53001.97784481559489222 0.10000 7 
