FORMAT 1
MODE 1
 fake.rf 1440.00000000 50000.22225105988514215 0.10000 7 
 fake.rf 1440.00000000 50014.20637369425939056 0.10000 7 
 fake.rf 1440.00000000 50028.30938100089606380 0.10000 7 
 fake.rf 1440.00000000 50042.40266611111958284 0.10000 7 
 fake.rf 1440.00000000 50056.41058336917138405 0.10000 7 
 fake.rf 1440.00000000 50070.33317243803144692 0.10000 7 
 fake.rf 1440.00000000 50084.03344777144952715 0.10000 7 
 fake.rf 1440.00000000 50097.74795181979085967 0.10000 7 
 fake.rf 1440.00000000 50111.79244872427094748 0.10000 7 
 fake.rf 1440.00000000 50125.91940740366406715 0.10000 7 
 fake.rf 1440.00000000 50140.22453070631038941 0.10000 7 
 fake.rf 1440.00000000 50153.67320107665247519 0.10000 7 
 fake.rf 1440.00000000 50167.55188521822249115 0.10000 7 
 fake.rf 1440.00000000 50181.93637626985885092 0.10000 7 
 fake.rf 1440.00000000 50195.79006940485918520 0.10000 7 
 fake.rf 1440.00000000 50209.76127024365616336 0.10000 7 
 fake.rf 1440.00000000 50223.41116384682471718 0.10000 7 
 fake.rf 1440.00000000 50237.88441767474571975 0.10000 7 
 fake.rf 1440.00000000 50251.90246221322678011 0.10000 7 
 fake.rf 1440.00000000 50265.53795537303221508 0.10000 7 
 fake.rf 1440.00000000 50279.48395836538256631 0.10000 7 
 fake.rf 1440.00000000 50293.42673438996567725 0.10000 7 
 fake.rf 1440.00000000 50307.39595497460144813 0.10000 7 
 fake.rf 1440.00000000 50321.32114661866215144 0.10000 7 
 fake.rf 1440.00000000 50335.46059867275232591 0.10000 7 
 fake.rf 1440.00000000 50349.20509227064654922 0.10000 7 
 fake.rf 1440.00000000 50363.15984997680996216 0.10000 7 
 fake.rf 1440.00000000 50377.55879312837550543 0.10000 7 
 fake.rf 1440.00000000 50390.97316232349898968 0.10000 7 
 fake.rf 1440.00000000 50405.24917820742465580 0.10000 7 
 fake.rf 1440.00000000 50419.01013210758497607 0.10000 7 
 fake.rf 1440.00000000 50433.13834110642223152 0.10000 7 
 fake.rf 1440.00000000 50446.77003902865753560 0.10000 7 
 fake.rf 1440.00000000 50461.33889294513316415 0.10000 7 
 fake.rf 1440.00000000 50474.93194647527680630 0.10000 7 
 fake.rf 1440.00000000 50488.60978771201655846 0.10000 7 
 fake.rf 1440.00000000 50503.13945677539696533 0.10000 7 
 fake.rf 1440.00000000 50517.13767840236320694 0.10000 7 
 fake.rf 1440.00000000 50530.56824973445548466 0.10000 7 
 fake.rf 1440.00000000 50544.51397508702052974 0.10000 7 
 fake.rf 1440.00000000 50558.67738141568387533 0.10000 7 
 fake.rf 1440.00000000 50572.45130217618507729 0.10000 7 
 fake.rf 1440.00000000 50586.55059058355036328 0.10000 7 
 fake.rf 1440.00000000 50600.63090715631170369 0.10000 7 
 fake.rf 1440.00000000 50614.82754503769680454 0.10000 7 
 fake.rf 1440.00000000 50628.81875262813678518 0.10000 7 
 fake.rf 1440.00000000 50642.24182946068529176 0.10000 7 
 fake.rf 1440.00000000 50656.79325365214910804 0.10000 7 
 fake.rf 1440.00000000 50670.62927451918062971 0.10000 7 
 fake.rf 1440.00000000 50684.10862191298527435 0.10000 7 
 fake.rf 1440.00000000 50698.33376534322232132 0.10000 7 
 fake.rf 1440.00000000 50712.15401526729915460 0.10000 7 
 fake.rf 1440.00000000 50726.28103144221175924 0.10000 7 
 fake.rf 1440.00000000 50740.51362150197836343 0.10000 7 
 fake.rf 1440.00000000 50754.29728915342863615 0.10000 7 
 fake.rf 1440.00000000 50767.93531676090193017 0.10000 7 
 fake.rf 1440.00000000 50781.95062648154225471 0.10000 7 
 fake.rf 1440.00000000 50796.39394454025401160 0.10000 7 
 fake.rf 1440.00000000 50809.80247470045172520 0.10000 7 
 fake.rf 1440.00000000 50823.93704640712993381 0.10000 7 
 fake.rf 1440.00000000 50838.02793975252568259 0.10000 7 
 fake.rf 1440.00000000 50851.90231652218669112 0.10000 7 
 fake.rf 1440.00000000 50866.20332331040893337 0.10000 7 
 fake.rf 1440.00000000 50879.96414061885885971 0.10000 7 
 fake.rf 1440.00000000 50893.77893071732328423 0.10000 7 
 fake.rf 1440.00000000 50907.71121707305922399 0.10000 7 
 fake.rf 1440.00000000 50921.85476842424407096 0.10000 7 
 fake.rf 1440.00000000 50935.57078693735040531 0.10000 7 
 fake.rf 1440.00000000 50949.53952099178302504 0.10000 7 
 fake.rf 1440.00000000 50963.81853637210485530 0.10000 7 
 fake.rf 1440.00000000 50977.51850631668070335 0.10000 7 
 fake.rf 1440.00000000 50991.68887279962583747 0.10000 7 
 fake.rf 1440.00000000 51005.78003501167446032 0.10000 7 
 fake.rf 1440.00000000 51019.61751943148064115 0.10000 7 
 fake.rf 1440.00000000 51033.23976189150380733 0.10000 7 
 fake.rf 1440.00000000 51047.56578802084868940 0.10000 7 
 fake.rf 1440.00000000 51061.43270609297149676 0.10000 7 
 fake.rf 1440.00000000 51075.18291813505539523 0.10000 7 
 fake.rf 1440.00000000 51089.43192785417747359 0.10000 7 
 fake.rf 1440.00000000 51103.17309286210501540 0.10000 7 
 fake.rf 1440.00000000 51117.10754505501517997 0.10000 7 
 fake.rf 1440.00000000 51130.95325761590099489 0.10000 7 
 fake.rf 1440.00000000 51145.21956528468617620 0.10000 7 
 fake.rf 1440.00000000 51159.31925965276198198 0.10000 7 
 fake.rf 1440.00000000 51172.76912168960678073 0.10000 7 
 fake.rf 1440.00000000 51186.85732307572011024 0.10000 7 
 fake.rf 1440.00000000 51201.29993777268456867 0.10000 7 
 fake.rf 1440.00000000 51214.80333565338084156 0.10000 7 
 fake.rf 1440.00000000 51228.70641443953531180 0.10000 7 
 fake.rf 1440.00000000 51242.59578542724354477 0.10000 7 
 fake.rf 1440.00000000 51256.93864768987609182 0.10000 7 
 fake.rf 1440.00000000 51270.97084594300261173 0.10000 7 
 fake.rf 1440.00000000 51284.77281970335964445 0.10000 7 
 fake.rf 1440.00000000 51298.78824814615212446 0.10000 7 
 fake.rf 1440.00000000 51312.61948982804895181 0.10000 7 
 fake.rf 1440.00000000 51326.94114642394860581 0.10000 7 
 fake.rf 1440.00000000 51340.92708729639433329 0.10000 7 
 fake.rf 1440.00000000 51354.27343968045372691 0.10000 7 
 fake.rf 1440.00000000 51368.34934086410626719 0.10000 7 
 fake.rf 1440.00000000 51382.34224183555522458 0.10000 7 
 fake.rf 1440.00000000 51396.67250238550041885 0.10000 7 
 fake.rf 1440.00000000 51410.48659955993443660 0.10000 7 
 fake.rf 1440.00000000 51424.68809307647369877 0.10000 7 
 fake.rf 1440.00000000 51438.48107523848828748 0.10000 7 
 fake.rf 1440.00000000 51452.17088286470445269 0.10000 7 
 fake.rf 1440.00000000 51466.03284496645621360 0.10000 7 
 fake.rf 1440.00000000 51480.19007928683182129 0.10000 7 
 fake.rf 1440.00000000 51494.45169776379364990 0.10000 7 
 fake.rf 1440.00000000 51508.10209793646554033 0.10000 7 
 fake.rf 1440.00000000 51521.87990142476547106 0.10000 7 
 fake.rf 1440.00000000 51535.92091094743574686 0.10000 7 
 fake.rf 1440.00000000 51550.21065600789200545 0.10000 7 
 fake.rf 1440.00000000 51563.87239813327420990 0.10000 7 
 fake.rf 1440.00000000 51578.21794140848864885 0.10000 7 
 fake.rf 1440.00000000 51591.97894024628425313 0.10000 7 
 fake.rf 1440.00000000 51605.79543710887542929 0.10000 7 
 fake.rf 1440.00000000 51619.60074115445308607 0.10000 7 
 fake.rf 1440.00000000 51633.84258081865255008 0.10000 7 
 fake.rf 1440.00000000 51647.86736828001273025 0.10000 7 
 fake.rf 1440.00000000 51661.61397718987613104 0.10000 7 
 fake.rf 1440.00000000 51675.78341389249636961 0.10000 7 
 fake.rf 1440.00000000 51689.52262301193121985 0.10000 7 
 fake.rf 1440.00000000 51703.33965625406950295 0.10000 7 
 fake.rf 1440.00000000 51717.34929279069065799 0.10000 7 
 fake.rf 1440.00000000 51731.80882307666500353 0.10000 7 
 fake.rf 1440.00000000 51745.49532400696793388 0.10000 7 
 fake.rf 1440.00000000 51759.19817656657381733 0.10000 7 
 fake.rf 1440.00000000 51773.68187383436947613 0.10000 7 
 fake.rf 1440.00000000 51787.41961986691310926 0.10000 7 
 fake.rf 1440.00000000 51801.23659968953796806 0.10000 7 
 fake.rf 1440.00000000 51815.08475732619796972 0.10000 7 
 fake.rf 1440.00000000 51829.19098996505858779 0.10000 7 
 fake.rf 1440.00000000 51843.52695967138893351 0.10000 7 
 fake.rf 1440.00000000 51856.94817023573815362 0.10000 7 
 fake.rf 1440.00000000 51870.88561111895692690 0.10000 7 
 fake.rf 1440.00000000 51884.94961450862991725 0.10000 7 
 fake.rf 1440.00000000 51898.93767990839405257 0.10000 7 
 fake.rf 1440.00000000 51913.07058117491564175 0.10000 7 
 fake.rf 1440.00000000 51926.76776245166227497 0.10000 7 
 fake.rf 1440.00000000 51941.11112076137463234 0.10000 7 
 fake.rf 1440.00000000 51955.06005157656361249 0.10000 7 
 fake.rf 1440.00000000 51968.83646844757408090 0.10000 7 
 fake.rf 1440.00000000 51982.84113123202895324 0.10000 7 
 fake.rf 1440.00000000 51996.49003020383178963 0.10000 7 
 fake.rf 1440.00000000 52010.65021639202817028 0.10000 7 
 fake.rf 1440.00000000 52024.45410412475928297 0.10000 7 
 fake.rf 1440.00000000 52038.62439267905027762 0.10000 7 
 fake.rf 1440.00000000 52052.62810899976822654 0.10000 7 
 fake.rf 1440.00000000 52066.71206243310088624 0.10000 7 
 fake.rf 1440.00000000 52080.27869787326551432 0.10000 7 
 fake.rf 1440.00000000 52094.73391582178019377 0.10000 7 
 fake.rf 1440.00000000 52108.35886535542826081 0.10000 7 
 fake.rf 1440.00000000 52122.36960266001853626 0.10000 7 
 fake.rf 1440.00000000 52136.68007988332579927 0.10000 7 
 fake.rf 1440.00000000 52150.35289202840030143 0.10000 7 
 fake.rf 1440.00000000 52164.19471904636440129 0.10000 7 
 fake.rf 1440.00000000 52178.22992328977422005 0.10000 7 
 fake.rf 1440.00000000 52192.31048070328287025 0.10000 7 
 fake.rf 1440.00000000 52206.00756439461178360 0.10000 7 
 fake.rf 1440.00000000 52220.48540740987224495 0.10000 7 
 fake.rf 1440.00000000 52234.42117068476284558 0.10000 7 
 fake.rf 1440.00000000 52248.00463806551459101 0.10000 7 
 fake.rf 1440.00000000 52261.96027312070899029 0.10000 7 
 fake.rf 1440.00000000 52276.27023220176916496 0.10000 7 
 fake.rf 1440.00000000 52289.97980287236989483 0.10000 7 
 fake.rf 1440.00000000 52303.91110489488196933 0.10000 7 
 fake.rf 1440.00000000 52317.65662670942461077 0.10000 7 
 fake.rf 1440.00000000 52332.05915554992174066 0.10000 7 
 fake.rf 1440.00000000 52346.16158491627314575 0.10000 7 
 fake.rf 1440.00000000 52359.64251406842575420 0.10000 7 
 fake.rf 1440.00000000 52373.75996062923441343 0.10000 7 
 fake.rf 1440.00000000 52387.84954685306814426 0.10000 7 
 fake.rf 1440.00000000 52401.81178560403377276 0.10000 7 
 fake.rf 1440.00000000 52415.97212098541947967 0.10000 7 
 fake.rf 1440.00000000 52429.74883225728911285 0.10000 7 
 fake.rf 1440.00000000 52443.90948331308645436 0.10000 7 
 fake.rf 1440.00000000 52457.24526580767413719 0.10000 7 
 fake.rf 1440.00000000 52471.23049170667112406 0.10000 7 
 fake.rf 1440.00000000 52485.43308514984857283 0.10000 7 
 fake.rf 1440.00000000 52499.55771381510251317 0.10000 7 
 fake.rf 1440.00000000 52513.14780123236679543 0.10000 7 
 fake.rf 1440.00000000 52527.17717199255591254 0.10000 7 
 fake.rf 1440.00000000 52541.63164295452266117 0.10000 7 
 fake.rf 1440.00000000 52555.27069373305545241 0.10000 7 
 fake.rf 1440.00000000 52568.98210112323425491 0.10000 7 
 fake.rf 1440.00000000 52583.14761029470048115 0.10000 7 
 fake.rf 1440.00000000 52597.33338081993507984 0.10000 7 
 fake.rf 1440.00000000 52611.11821854721274860 0.10000 7 
 fake.rf 1440.00000000 52625.40251119533848367 0.10000 7 
 fake.rf 1440.00000000 52639.32359142528938989 0.10000 7 
 fake.rf 1440.00000000 52652.95783154530985115 0.10000 7 
 fake.rf 1440.00000000 52667.21611358752056375 0.10000 7 
 fake.rf 1440.00000000 52680.75888725924864531 0.10000 7 
 fake.rf 1440.00000000 52695.05365519608154656 0.10000 7 
 fake.rf 1440.00000000 52708.99345566195758650 0.10000 7 
 fake.rf 1440.00000000 52722.95069276528941771 0.10000 7 
 fake.rf 1440.00000000 52736.54832210072094156 0.10000 7 
 fake.rf 1440.00000000 52750.93853713752739765 0.10000 7 
 fake.rf 1440.00000000 52764.66986248215452093 0.10000 7 
 fake.rf 1440.00000000 52778.40814726047259597 0.10000 7 
 fake.rf 1440.00000000 52792.31751750513222987 0.10000 7 
 fake.rf 1440.00000000 52806.87118210737931889 0.10000 7 
 fake.rf 1440.00000000 52820.73727916859914444 0.10000 7 
 fake.rf 1440.00000000 52834.64711429633157636 0.10000 7 
 fake.rf 1440.00000000 52848.73267365909043392 0.10000 7 
 fake.rf 1440.00000000 52862.41370807326010706 0.10000 7 
 fake.rf 1440.00000000 52876.52242026477588155 0.10000 7 
 fake.rf 1440.00000000 52890.64865489408978405 0.10000 7 
 fake.rf 1440.00000000 52904.35314127966892528 0.10000 7 
 fake.rf 1440.00000000 52918.03600632318526920 0.10000 7 
 fake.rf 1440.00000000 52932.32509570477887806 0.10000 7 
 fake.rf 1440.00000000 52946.32456218103340007 0.10000 7 
 fake.rf 1440.00000000 52960.07502407239240583 0.10000 7 
 fake.rf 1440.00000000 52974.19014378598076220 0.10000 7 
 fake.rf 1440.00000000 52987.86688713851597399 0.10000 7 
 fake.rf 1440.00000000 53002.03364917885098961 0.10000 7 
