FORMAT 1
MODE 1
 fake.rf 1440.00000000 50000.46662579657735392 0.10000 7 
 fake.rf 1440.00000000 50014.25197912966966385 0.10000 7 
 fake.rf 1440.00000000 50028.50795986386403058 0.10000 7 
 fake.rf 1440.00000000 50042.09672885997427372 0.10000 7 
 fake.rf 1440.00000000 50056.31940143767085871 0.10000 7 
 fake.rf 1440.00000000 50069.98837279447095838 0.10000 7 
 fake.rf 1440.00000000 50084.33781566894708348 0.10000 7 
 fake.rf 1440.00000000 50098.28893506943646585 0.10000 7 
 fake.rf 1440.00000000 50111.69337269220812914 0.10000 7 
 fake.rf 1440.00000000 50126.08101410171122225 0.10000 7 
 fake.rf 1440.00000000 50140.15580883414492064 0.10000 7 
 fake.rf 1440.00000000 50153.92956799634430709 0.10000 7 
 fake.rf 1440.00000000 50167.57680694696603396 0.10000 7 
 fake.rf 1440.00000000 50181.80538792327561382 0.10000 7 
 fake.rf 1440.00000000 50195.51605466575354342 0.10000 7 
 fake.rf 1440.00000000 50209.38995337518279882 0.10000 7 
 fake.rf 1440.00000000 50223.57900057003375593 0.10000 7 
 fake.rf 1440.00000000 50237.52760357927752111 0.10000 7 
 fake.rf 1440.00000000 50251.91329356259377903 0.10000 7 
 fake.rf 1440.00000000 50265.62830187652022929 0.10000 7 
 fake.rf 1440.00000000 50279.55622749691717388 0.10000 7 
 fake.rf 1440.00000000 50293.17019651028962457 0.10000 7 
 fake.rf 1440.00000000 50307.21310602662347478 0.10000 7 
 fake.rf 1440.00000000 50321.10381523968543505 0.10000 7 
 fake.rf 1440.00000000 50335.66384525671707451 0.10000 7 
 fake.rf 1440.00000000 50349.18047718071641583 0.10000 7 
 fake.rf 1440.00000000 50363.12869564820503854 0.10000 7 
 fake.rf 1440.00000000 50377.47942379550128322 0.10000 7 
 fake.rf 1440.00000000 50391.09942608132847042 0.10000 7 
 fake.rf 1440.00000000 50405.15889613208468489 0.10000 7 
 fake.rf 1440.00000000 50418.95013853487187561 0.10000 7 
 fake.rf 1440.00000000 50432.83541829588678951 0.10000 7 
 fake.rf 1440.00000000 50447.38513439851757880 0.10000 7 
 fake.rf 1440.00000000 50460.80391695576116007 0.10000 7 
 fake.rf 1440.00000000 50474.98285847370505763 0.10000 7 
 fake.rf 1440.00000000 50489.12680653245225670 0.10000 7 
 fake.rf 1440.00000000 50502.91945320995808899 0.10000 7 
 fake.rf 1440.00000000 50516.81939698713760833 0.10000 7 
 fake.rf 1440.00000000 50530.95269049346349632 0.10000 7 
 fake.rf 1440.00000000 50544.85466750486082077 0.10000 7 
 fake.rf 1440.00000000 50558.51381209197912270 0.10000 7 
 fake.rf 1440.00000000 50572.76012640529785713 0.10000 7 
 fake.rf 1440.00000000 50586.47408864225533520 0.10000 7 
 fake.rf 1440.00000000 50600.48536488539410172 0.10000 7 
 fake.rf 1440.00000000 50614.33181961204842736 0.10000 7 
 fake.rf 1440.00000000 50628.46134134754999678 0.10000 7 
 fake.rf 1440.00000000 50642.38474235601299966 0.10000 7 
 fake.rf 1440.00000000 50656.45847032618524963 0.10000 7 
 fake.rf 1440.00000000 50670.57482117583476011 0.10000 7 
 fake.rf 1440.00000000 50684.25547156539867188 0.10000 7 
 fake.rf 1440.00000000 50698.08243393166199908 0.10000 7 
 fake.rf 1440.00000000 50712.16493642590145186 0.10000 7 
 fake.rf 1440.00000000 50726.16444852768524143 0.10000 7 
 fake.rf 1440.00000000 50740.07254648726301482 0.10000 7 
 fake.rf 1440.00000000 50754.08398428254095691 0.10000 7 
 fake.rf 1440.00000000 50768.01508583658599605 0.10000 7 
 fake.rf 1440.00000000 50782.14470844100753055 0.10000 7 
 fake.rf 1440.00000000 50796.14259076408496085 0.10000 7 
 fake.rf 1440.00000000 50809.79597982539376488 0.10000 7 
 fake.rf 1440.00000000 50824.25049747211271267 0.10000 7 
 fake.rf 1440.00000000 50837.67940927296940856 0.10000 7 
 fake.rf 1440.00000000 50851.82893344641380651 0.10000 7 
 fake.rf 1440.00000000 50866.20695692788502740 0.10000 7 
 fake.rf 1440.00000000 50879.55714424523685935 0.10000 7 
 fake.rf 1440.00000000 50893.83034370213569630 0.10000 7 
 fake.rf 1440.00000000 50907.75886809425256629 0.10000 7 
 fake.rf 1440.00000000 50921.95789619688980920 0.10000 7 
 fake.rf 1440.00000000 50935.39530168565761059 0.10000 7 
 fake.rf 1440.00000000 50949.92866261104821746 0.10000 7 
 fake.rf 1440.00000000 50963.63254362797918162 0.10000 7 
 fake.rf 1440.00000000 50977.67681889042421872 0.10000 7 
 fake.rf 1440.00000000 50991.24088380201776971 0.10000 7 
 fake.rf 1440.00000000 51005.22930515823485464 0.10000 7 
 fake.rf 1440.00000000 51019.69243538947675631 0.10000 7 
 fake.rf 1440.00000000 51033.30600262570712999 0.10000 7 
 fake.rf 1440.00000000 51047.17910480669624818 0.10000 7 
 fake.rf 1440.00000000 51061.14331618276195357 0.10000 7 
 fake.rf 1440.00000000 51075.38517715789300411 0.10000 7 
 fake.rf 1440.00000000 51089.37023335703905147 0.10000 7 
 fake.rf 1440.00000000 51103.48902161683345469 0.10000 7 
 fake.rf 1440.00000000 51117.44975904823486346 0.10000 7 
 fake.rf 1440.00000000 51131.30000367668272787 0.10000 7 
 fake.rf 1440.00000000 51144.87285385658350023 0.10000 7 
 fake.rf 1440.00000000 51158.87132944108601862 0.10000 7 
 fake.rf 1440.00000000 51173.33456479607118439 0.10000 7 
 fake.rf 1440.00000000 51186.95707880623936603 0.10000 7 
 fake.rf 1440.00000000 51200.92488202494197580 0.10000 7 
 fake.rf 1440.00000000 51214.88929934434810320 0.10000 7 
 fake.rf 1440.00000000 51229.21458847191117769 0.10000 7 
 fake.rf 1440.00000000 51242.87400681363762089 0.10000 7 
 fake.rf 1440.00000000 51256.66450117330542113 0.10000 7 
 fake.rf 1440.00000000 51271.12359483836016594 0.10000 7 
 fake.rf 1440.00000000 51284.97076340834473029 0.10000 7 
 fake.rf 1440.00000000 51298.51084068762378365 0.10000 7 
 fake.rf 1440.00000000 51312.35834767371817478 0.10000 7 
 fake.rf 1440.00000000 51326.51694178151002390 0.10000 7 
 fake.rf 1440.00000000 51340.69043620568221087 0.10000 7 
 fake.rf 1440.00000000 51354.77519732055345258 0.10000 7 
 fake.rf 1440.00000000 51368.40942301140140103 0.10000 7 
 fake.rf 1440.00000000 51382.48783777974190912 0.10000 7 
 fake.rf 1440.00000000 51396.31470594863948520 0.10000 7 
 fake.rf 1440.00000000 51410.69809965647166194 0.10000 7 
 fake.rf 1440.00000000 51424.37880538171331679 0.10000 7 
 fake.rf 1440.00000000 51438.23232101361898216 0.10000 7 
 fake.rf 1440.00000000 51452.45040432772361072 0.10000 7 
 fake.rf 1440.00000000 51466.44957001156964083 0.10000 7 
 fake.rf 1440.00000000 51480.21441388536540629 0.10000 7 
 fake.rf 1440.00000000 51494.43493461625068264 0.10000 7 
 fake.rf 1440.00000000 51508.04752066788461917 0.10000 7 
 fake.rf 1440.00000000 51521.83564684446637116 0.10000 7 
 fake.rf 1440.00000000 51536.21318191826323485 0.10000 7 
 fake.rf 1440.00000000 51549.82473145435757900 0.10000 7 
 fake.rf 1440.00000000 51564.16799499704739773 0.10000 7 
 fake.rf 1440.00000000 51578.15660627950525807 0.10000 7 
 fake.rf 1440.00000000 51591.80485753827975159 0.10000 7 
 fake.rf 1440.00000000 51605.98291580034251780 0.10000 7 
 fake.rf 1440.00000000 51619.63226717687033940 0.10000 7 
 fake.rf 1440.00000000 51633.95321435100804308 0.10000 7 
 fake.rf 1440.00000000 51647.46724936669578199 0.10000 7 
 fake.rf 1440.00000000 51661.48011594493626930 0.10000 7 
 fake.rf 1440.00000000 51675.49870750945963493 0.10000 7 
 fake.rf 1440.00000000 51689.50812962976350917 0.10000 7 
 fake.rf 1440.00000000 51703.35164922855089031 0.10000 7 
 fake.rf 1440.00000000 51717.25563545449744396 0.10000 7 
 fake.rf 1440.00000000 51731.51002757529863629 0.10000 7 
 fake.rf 1440.00000000 51745.23928026098431587 0.10000 7 
 fake.rf 1440.00000000 51759.34008661368401505 0.10000 7 
 fake.rf 1440.00000000 51773.13953257731150615 0.10000 7 
 fake.rf 1440.00000000 51787.65843912407397198 0.10000 7 
 fake.rf 1440.00000000 51801.43169721882213707 0.10000 7 
 fake.rf 1440.00000000 51815.34778405432838611 0.10000 7 
 fake.rf 1440.00000000 51829.06511812524689020 0.10000 7 
 fake.rf 1440.00000000 51843.25999599379030869 0.10000 7 
 fake.rf 1440.00000000 51856.89501460239304720 0.10000 7 
 fake.rf 1440.00000000 51871.17075705343448888 0.10000 7 
 fake.rf 1440.00000000 51884.95527765138362142 0.10000 7 
 fake.rf 1440.00000000 51899.29435467651747871 0.10000 7 
 fake.rf 1440.00000000 51913.37316711438456451 0.10000 7 
 fake.rf 1440.00000000 51926.74976783842576111 0.10000 7 
 fake.rf 1440.00000000 51940.73965696363135081 0.10000 7 
 fake.rf 1440.00000000 51954.64482162199032800 0.10000 7 
 fake.rf 1440.00000000 51969.10385015320552071 0.10000 7 
 fake.rf 1440.00000000 51982.74351487351639634 0.10000 7 
 fake.rf 1440.00000000 51997.03016915380824159 0.10000 7 
 fake.rf 1440.00000000 52010.84936834843062314 0.10000 7 
 fake.rf 1440.00000000 52024.84217705192805070 0.10000 7 
 fake.rf 1440.00000000 52038.67844900563063959 0.10000 7 
 fake.rf 1440.00000000 52052.85189235984758227 0.10000 7 
 fake.rf 1440.00000000 52066.53720761224388625 0.10000 7 
 fake.rf 1440.00000000 52080.59240729486601751 0.10000 7 
 fake.rf 1440.00000000 52094.81694329835166712 0.10000 7 
 fake.rf 1440.00000000 52108.55907618518656932 0.10000 7 
 fake.rf 1440.00000000 52122.66192405294112078 0.10000 7 
 fake.rf 1440.00000000 52136.10153908439172099 0.10000 7 
 fake.rf 1440.00000000 52150.45255088451005676 0.10000 7 
 fake.rf 1440.00000000 52164.18135034063885414 0.10000 7 
 fake.rf 1440.00000000 52178.05511075073972194 0.10000 7 
 fake.rf 1440.00000000 52192.54515497302137916 0.10000 7 
 fake.rf 1440.00000000 52206.11162643890747503 0.10000 7 
 fake.rf 1440.00000000 52219.87585276064697482 0.10000 7 
 fake.rf 1440.00000000 52234.17738116696544282 0.10000 7 
 fake.rf 1440.00000000 52248.36483223492969685 0.10000 7 
 fake.rf 1440.00000000 52261.88461868780294139 0.10000 7 
 fake.rf 1440.00000000 52275.75258439546316325 0.10000 7 
 fake.rf 1440.00000000 52290.27994673794128389 0.10000 7 
 fake.rf 1440.00000000 52304.11370178775238315 0.10000 7 
 fake.rf 1440.00000000 52317.80441413363694636 0.10000 7 
 fake.rf 1440.00000000 52332.04241286293109425 0.10000 7 
 fake.rf 1440.00000000 52345.99320638114003046 0.10000 7 
 fake.rf 1440.00000000 52359.76541220115290187 0.10000 7 
 fake.rf 1440.00000000 52374.03152616985363821 0.10000 7 
 fake.rf 1440.00000000 52387.92571040619527167 0.10000 7 
 fake.rf 1440.00000000 52401.52850412401590674 0.10000 7 
 fake.rf 1440.00000000 52415.47250887945212838 0.10000 7 
 fake.rf 1440.00000000 52429.69157349016044734 0.10000 7 
 fake.rf 1440.00000000 52443.81845917671031287 0.10000 7 
 fake.rf 1440.00000000 52457.79349868998644979 0.10000 7 
 fake.rf 1440.00000000 52471.22039463481332078 0.10000 7 
 fake.rf 1440.00000000 52485.55894971603197519 0.10000 7 
 fake.rf 1440.00000000 52499.25753057820766045 0.10000 7 
 fake.rf 1440.00000000 52513.44451891393065424 0.10000 7 
 fake.rf 1440.00000000 52527.37916944703008681 0.10000 7 
 fake.rf 1440.00000000 52541.52477588204087056 0.10000 7 
 fake.rf 1440.00000000 52555.18617152169153783 0.10000 7 
 fake.rf 1440.00000000 52569.26532979761318032 0.10000 7 
 fake.rf 1440.00000000 52583.13350743296749457 0.10000 7 
 fake.rf 1440.00000000 52597.22859527429448434 0.10000 7 
 fake.rf 1440.00000000 52611.21973996347071889 0.10000 7 
 fake.rf 1440.00000000 52624.94952124244117186 0.10000 7 
 fake.rf 1440.00000000 52639.31597329912217376 0.10000 7 
 fake.rf 1440.00000000 52653.10957042829395647 0.10000 7 
 fake.rf 1440.00000000 52667.17910617004095997 0.10000 7 
 fake.rf 1440.00000000 52681.10456865650683866 0.10000 7 
 fake.rf 1440.00000000 52695.12284498686966927 0.10000 7 
 fake.rf 1440.00000000 52709.09857248986080691 0.10000 7 
 fake.rf 1440.00000000 52722.92295670941439667 0.10000 7 
 fake.rf 1440.00000000 52736.81321412822502737 0.10000 7 
 fake.rf 1440.00000000 52750.51788005403425785 0.10000 7 
 fake.rf 1440.00000000 52764.61848913844115572 0.10000 7 
 fake.rf 1440.00000000 52778.49776613235791345 0.10000 7 
 fake.rf 1440.00000000 52792.67953061198826958 0.10000 7 
 fake.rf 1440.00000000 52806.41781300857857318 0.10000 7 
 fake.rf 1440.00000000 52820.22950032437843149 0.10000 7 
 fake.rf 1440.00000000 52834.71895124444114344 0.10000 7 
 fake.rf 1440.00000000 52848.43946446075839418 0.10000 7 
 fake.rf 1440.00000000 52862.50844246844302887 0.10000 7 
 fake.rf 1440.00000000 52876.49633847304625434 0.10000 7 
 fake.rf 1440.00000000 52890.23011728087964656 0.10000 7 
 fake.rf 1440.00000000 52904.43088396796544615 0.10000 7 
 fake.rf 1440.00000000 52918.12889445997981497 0.10000 7 
 fake.rf 1440.00000000 52932.26614682404188628 0.10000 7 
 fake.rf 1440.00000000 52946.02546126844150365 0.10000 7 
 fake.rf 1440.00000000 52960.36301503124453305 0.10000 7 
 fake.rf 1440.00000000 52974.01743320748977339 0.10000 7 
 fake.rf 1440.00000000 52988.14303609183911448 0.10000 7 
 fake.rf 1440.00000000 53001.93130744906119389 0.10000 7 
