FORMAT 1
MODE 1
 fake.rf 1440.00000000 50000.45896693449858361 0.10000 7 
 fake.rf 1440.00000000 50014.05121704380950831 0.10000 7 
 fake.rf 1440.00000000 50028.53552586543185754 0.10000 7 
 fake.rf 1440.00000000 50042.53102175825659614 0.10000 7 
 fake.rf 1440.00000000 50055.86128332857562384 0.10000 7 
 fake.rf 1440.00000000 50070.17741533392275954 0.10000 7 
 fake.rf 1440.00000000 50084.28067303562832180 0.10000 7 
 fake.rf 1440.00000000 50098.24128983404881055 0.10000 7 
 fake.rf 1440.00000000 50111.94725753504153687 0.10000 7 
 fake.rf 1440.00000000 50126.06446883176761631 0.10000 7 
 fake.rf 1440.00000000 50139.88769593727349161 0.10000 7 
 fake.rf 1440.00000000 50154.18881378629516732 0.10000 7 
 fake.rf 1440.00000000 50168.04891708401374117 0.10000 7 
 fake.rf 1440.00000000 50182.01097929334911640 0.10000 7 
 fake.rf 1440.00000000 50195.56293358499017643 0.10000 7 
 fake.rf 1440.00000000 50209.64302742451134520 0.10000 7 
 fake.rf 1440.00000000 50223.38159807146429259 0.10000 7 
 fake.rf 1440.00000000 50237.45013242998604142 0.10000 7 
 fake.rf 1440.00000000 50251.39123658555600116 0.10000 7 
 fake.rf 1440.00000000 50265.55521321346190788 0.10000 7 
 fake.rf 1440.00000000 50279.73095161110007467 0.10000 7 
 fake.rf 1440.00000000 50293.69817787803959064 0.10000 7 
 fake.rf 1440.00000000 50307.63415936076883384 0.10000 7 
 fake.rf 1440.00000000 50321.38222382895752105 0.10000 7 
 fake.rf 1440.00000000 50335.08568667493659632 0.10000 7 
 fake.rf 1440.00000000 50349.19714654326935133 0.10000 7 
 fake.rf 1440.00000000 50363.40941823685336942 0.10000 7 
 fake.rf 1440.00000000 50377.48866085147343341 0.10000 7 
 fake.rf 1440.00000000 50391.29276503998756098 0.10000 7 
 fake.rf 1440.00000000 50405.00219894739597848 0.10000 7 
 fake.rf 1440.00000000 50418.90793906994004203 0.10000 7 
 fake.rf 1440.00000000 50432.97775786738695203 0.10000 7 
 fake.rf 1440.00000000 50446.98433459048153082 0.10000 7 
 fake.rf 1440.00000000 50460.74594293819339796 0.10000 7 
 fake.rf 1440.00000000 50474.84948372381657578 0.10000 7 
 fake.rf 1440.00000000 50488.89121475831293040 0.10000 7 
 fake.rf 1440.00000000 50503.00718115451678969 0.10000 7 
 fake.rf 1440.00000000 50516.58553906799463107 0.10000 7 
 fake.rf 1440.00000000 50530.62611292642343486 0.10000 7 
 fake.rf 1440.00000000 50545.15293982035138143 0.10000 7 
 fake.rf 1440.00000000 50558.88673507287583675 0.10000 7 
 fake.rf 1440.00000000 50572.78876205227713214 0.10000 7 
 fake.rf 1440.00000000 50586.98826626293649156 0.10000 7 
 fake.rf 1440.00000000 50600.62039084994896498 0.10000 7 
 fake.rf 1440.00000000 50614.52270612050190834 0.10000 7 
 fake.rf 1440.00000000 50628.31239064557337670 0.10000 7 
 fake.rf 1440.00000000 50642.72950181536259606 0.10000 7 
 fake.rf 1440.00000000 50656.40861383004422436 0.10000 7 
 fake.rf 1440.00000000 50670.30505877167208340 0.10000 7 
 fake.rf 1440.00000000 50684.70150017267975784 0.10000 7 
 fake.rf 1440.00000000 50698.58281483640826437 0.10000 7 
 fake.rf 1440.00000000 50712.69322423892635854 0.10000 7 
 fake.rf 1440.00000000 50726.42845131189503149 0.10000 7 
 fake.rf 1440.00000000 50740.28397356149760000 0.10000 7 
 fake.rf 1440.00000000 50754.18067348296399643 0.10000 7 
 fake.rf 1440.00000000 50768.32425611677902921 0.10000 7 
 fake.rf 1440.00000000 50782.32946433847519785 0.10000 7 
 fake.rf 1440.00000000 50796.47666201600284452 0.10000 7 
 fake.rf 1440.00000000 50810.07104669349056181 0.10000 7 
 fake.rf 1440.00000000 50823.91858510404284743 0.10000 7 
 fake.rf 1440.00000000 50837.81344275168515523 0.10000 7 
 fake.rf 1440.00000000 50852.01846027171910336 0.10000 7 
 fake.rf 1440.00000000 50865.97404360709244386 0.10000 7 
 fake.rf 1440.00000000 50879.91370406886123945 0.10000 7 
 fake.rf 1440.00000000 50893.91855598694844431 0.10000 7 
 fake.rf 1440.00000000 50908.01590617175318698 0.10000 7 
 fake.rf 1440.00000000 50922.03552370085664336 0.10000 7 
 fake.rf 1440.00000000 50935.52790145074875738 0.10000 7 
 fake.rf 1440.00000000 50949.90850225985870026 0.10000 7 
 fake.rf 1440.00000000 50964.00691970129584973 0.10000 7 
 fake.rf 1440.00000000 50977.39768373188312367 0.10000 7 
 fake.rf 1440.00000000 50991.55030588021165983 0.10000 7 
 fake.rf 1440.00000000 51005.58897635454859554 0.10000 7 
 fake.rf 1440.00000000 51019.21747066001212900 0.10000 7 
 fake.rf 1440.00000000 51033.70711014162697339 0.10000 7 
 fake.rf 1440.00000000 51047.68632192971947958 0.10000 7 
 fake.rf 1440.00000000 51061.14272685807149443 0.10000 7 
 fake.rf 1440.00000000 51075.42103689824098112 0.10000 7 
 fake.rf 1440.00000000 51089.11758678764847730 0.10000 7 
 fake.rf 1440.00000000 51103.17532937527392889 0.10000 7 
 fake.rf 1440.00000000 51117.22164021400391576 0.10000 7 
 fake.rf 1440.00000000 51131.50439749525719790 0.10000 7 
 fake.rf 1440.00000000 51145.04410888573267258 0.10000 7 
 fake.rf 1440.00000000 51158.86387287973696303 0.10000 7 
 fake.rf 1440.00000000 51173.04037849211371025 0.10000 7 
 fake.rf 1440.00000000 51187.18168253893462349 0.10000 7 
 fake.rf 1440.00000000 51201.18325521067049877 0.10000 7 
 fake.rf 1440.00000000 51214.73652841146142833 0.10000 7 
 fake.rf 1440.00000000 51229.06325621108888058 0.10000 7 
 fake.rf 1440.00000000 51242.69743962791551439 0.10000 7 
 fake.rf 1440.00000000 51256.80314401901709687 0.10000 7 
 fake.rf 1440.00000000 51271.06295555268730624 0.10000 7 
 fake.rf 1440.00000000 51284.94038249294274934 0.10000 7 
 fake.rf 1440.00000000 51299.03989633623919886 0.10000 7 
 fake.rf 1440.00000000 51312.61092766413341337 0.10000 7 
 fake.rf 1440.00000000 51326.53143266605619033 0.10000 7 
 fake.rf 1440.00000000 51340.76652270643420195 0.10000 7 
 fake.rf 1440.00000000 51354.39539766969361168 0.10000 7 
 fake.rf 1440.00000000 51368.51317310367875635 0.10000 7 
 fake.rf 1440.00000000 51382.50042334147578060 0.10000 7 
 fake.rf 1440.00000000 51396.26594179432358800 0.10000 7 
 fake.rf 1440.00000000 51410.47937407331220427 0.10000 7 
 fake.rf 1440.00000000 51424.65747250366581511 0.10000 7 
 fake.rf 1440.00000000 51438.49988751580846369 0.10000 7 
 fake.rf 1440.00000000 51452.38004016119221973 0.10000 7 
 fake.rf 1440.00000000 51466.41933741264334401 0.10000 7 
 fake.rf 1440.00000000 51480.27919034213140748 0.10000 7 
 fake.rf 1440.00000000 51494.32064062369085278 0.10000 7 
 fake.rf 1440.00000000 51508.00980736132303406 0.10000 7 
 fake.rf 1440.00000000 51522.27110285778285714 0.10000 7 
 fake.rf 1440.00000000 51536.40852183294951061 0.10000 7 
 fake.rf 1440.00000000 51550.18222545452195149 0.10000 7 
 fake.rf 1440.00000000 51564.09783762943435548 0.10000 7 
 fake.rf 1440.00000000 51577.81319404729701006 0.10000 7 
 fake.rf 1440.00000000 51592.11155436333080360 0.10000 7 
 fake.rf 1440.00000000 51606.24189822698293639 0.10000 7 
 fake.rf 1440.00000000 51620.13678483561285049 0.10000 7 
 fake.rf 1440.00000000 51633.80827719063318426 0.10000 7 
 fake.rf 1440.00000000 51647.53012035458248974 0.10000 7 
 fake.rf 1440.00000000 51661.78996078678966342 0.10000 7 
 fake.rf 1440.00000000 51675.80052925725494006 0.10000 7 
 fake.rf 1440.00000000 51689.66630292752458686 0.10000 7 
 fake.rf 1440.00000000 51703.55751424624756751 0.10000 7 
 fake.rf 1440.00000000 51717.48373578133983486 0.10000 7 
 fake.rf 1440.00000000 51731.48724928543039780 0.10000 7 
 fake.rf 1440.00000000 51745.65438476847037919 0.10000 7 
 fake.rf 1440.00000000 51759.53933731271507668 0.10000 7 
 fake.rf 1440.00000000 51773.14950027071737537 0.10000 7 
 fake.rf 1440.00000000 51787.65040343684255930 0.10000 7 
 fake.rf 1440.00000000 51801.69135750601278545 0.10000 7 
 fake.rf 1440.00000000 51815.32699674133382217 0.10000 7 
 fake.rf 1440.00000000 51829.63164444830698585 0.10000 7 
 fake.rf 1440.00000000 51843.25759019219890433 0.10000 7 
 fake.rf 1440.00000000 51857.10955389987037378 0.10000 7 
 fake.rf 1440.00000000 51871.29484265626385664 0.10000 7 
 fake.rf 1440.00000000 51884.83916719344685120 0.10000 7 
 fake.rf 1440.00000000 51899.43532088821482162 0.10000 7 
 fake.rf 1440.00000000 51912.85202195947595527 0.10000 7 
 fake.rf 1440.00000000 51927.14268948622270727 0.10000 7 
 fake.rf 1440.00000000 51940.79956931112442575 0.10000 7 
 fake.rf 1440.00000000 51955.18245860131457192 0.10000 7 
 fake.rf 1440.00000000 51968.98210452222685873 0.10000 7 
 fake.rf 1440.00000000 51983.11758065485535596 0.10000 7 
 fake.rf 1440.00000000 51996.78764158169209608 0.10000 7 
 fake.rf 1440.00000000 52011.00753666490778926 0.10000 7 
 fake.rf 1440.00000000 52024.81293252230143054 0.10000 7 
 fake.rf 1440.00000000 52038.65156334435420504 0.10000 7 
 fake.rf 1440.00000000 52052.80457106950234092 0.10000 7 
 fake.rf 1440.00000000 52066.98635201273961570 0.10000 7 
 fake.rf 1440.00000000 52080.58505208317889412 0.10000 7 
 fake.rf 1440.00000000 52094.36945968294962839 0.10000 7 
 fake.rf 1440.00000000 52108.60003519172994757 0.10000 7 
 fake.rf 1440.00000000 52122.76940159423185506 0.10000 7 
 fake.rf 1440.00000000 52136.48324662979573318 0.10000 7 
 fake.rf 1440.00000000 52150.67826968355450390 0.10000 7 
 fake.rf 1440.00000000 52164.22270906294944481 0.10000 7 
 fake.rf 1440.00000000 52178.14191558407409488 0.10000 7 
 fake.rf 1440.00000000 52192.26011729112648041 0.10000 7 
 fake.rf 1440.00000000 52206.11961231149140161 0.10000 7 
 fake.rf 1440.00000000 52220.57794806923384101 0.10000 7 
 fake.rf 1440.00000000 52234.10866327787993058 0.10000 7 
 fake.rf 1440.00000000 52248.30869024063184369 0.10000 7 
 fake.rf 1440.00000000 52262.44323307502820697 0.10000 7 
 fake.rf 1440.00000000 52276.30478685142363204 0.10000 7 
 fake.rf 1440.00000000 52289.72833689068236396 0.10000 7 
 fake.rf 1440.00000000 52304.08639457457623578 0.10000 7 
 fake.rf 1440.00000000 52318.19716554434827316 0.10000 7 
 fake.rf 1440.00000000 52332.25509538722328884 0.10000 7 
 fake.rf 1440.00000000 52346.06808017412224743 0.10000 7 
 fake.rf 1440.00000000 52359.84107812173980889 0.10000 7 
 fake.rf 1440.00000000 52373.59411380468946717 0.10000 7 
 fake.rf 1440.00000000 52387.82821396399011249 0.10000 7 
 fake.rf 1440.00000000 52401.43908390685350440 0.10000 7 
 fake.rf 1440.00000000 52416.03248845509958898 0.10000 7 
 fake.rf 1440.00000000 52429.97487561231556441 0.10000 7 
 fake.rf 1440.00000000 52443.84386670050008661 0.10000 7 
 fake.rf 1440.00000000 52457.61422650169152249 0.10000 7 
 fake.rf 1440.00000000 52471.43347057657656052 0.10000 7 
 fake.rf 1440.00000000 52485.49369548646415495 0.10000 7 
 fake.rf 1440.00000000 52499.48406223364511902 0.10000 7 
 fake.rf 1440.00000000 52513.60689914031517844 0.10000 7 
 fake.rf 1440.00000000 52527.48975768790827701 0.10000 7 
 fake.rf 1440.00000000 52541.08225937015393825 0.10000 7 
 fake.rf 1440.00000000 52555.41268874366075181 0.10000 7 
 fake.rf 1440.00000000 52569.04761835680970350 0.10000 7 
 fake.rf 1440.00000000 52583.54003584741388977 0.10000 7 
 fake.rf 1440.00000000 52597.45313064841804263 0.10000 7 
 fake.rf 1440.00000000 52611.04549282564630985 0.10000 7 
 fake.rf 1440.00000000 52625.02767147227694622 0.10000 7 
 fake.rf 1440.00000000 52638.83848735025585697 0.10000 7 
 fake.rf 1440.00000000 52652.92741137988070221 0.10000 7 
 fake.rf 1440.00000000 52667.14519797267319490 0.10000 7 
 fake.rf 1440.00000000 52681.19426686665979176 0.10000 7 
 fake.rf 1440.00000000 52694.78929313196807271 0.10000 7 
 fake.rf 1440.00000000 52708.90685954225837406 0.10000 7 
 fake.rf 1440.00000000 52723.08437123519163592 0.10000 7 
 fake.rf 1440.00000000 52737.07568121872139244 0.10000 7 
 fake.rf 1440.00000000 52750.67557800069420892 0.10000 7 
 fake.rf 1440.00000000 52764.94924556838941498 0.10000 7 
 fake.rf 1440.00000000 52778.79176644345065839 0.10000 7 
 fake.rf 1440.00000000 52792.86955393647048851 0.10000 7 
 fake.rf 1440.00000000 52806.93448322982521503 0.10000 7 
 fake.rf 1440.00000000 52820.38266370282296336 0.10000 7 
 fake.rf 1440.00000000 52834.77621384844323416 0.10000 7 
 fake.rf 1440.00000000 52848.80610706840896995 0.10000 7 
 fake.rf 1440.00000000 52862.23490077985055891 0.10000 7 
 fake.rf 1440.00000000 52876.53566810396438314 0.10000 7 
 fake.rf 1440.00000000 52890.37414713873923233 0.10000 7 
 fake.rf 1440.00000000 52904.32707763142442658 0.10000 7 
 fake.rf 1440.00000000 52918.05962929099629122 0.10000 7 
 fake.rf 1440.00000000 52932.59336787949795777 0.10000 7 
 fake.rf 1440.00000000 52946.04069462065504936 0.10000 7 
 fake.rf 1440.00000000 52960.36099757123685094 0.10000 7 
 fake.rf 1440.00000000 52973.85879721526713837 0.10000 7 
 fake.rf 1440.00000000 52988.34144609202440890 0.10000 7 
 fake.rf 1440.00000000 53002.33490471960449497 0.10000 7 
