FORMAT 1
MODE 1
 fake.rf 1440.00000000 50000.62271388737453037 0.10000 7 
 fake.rf 1440.00000000 50014.39001694571571477 0.10000 7 
 fake.rf 1440.00000000 50028.01406384467469479 0.10000 7 
 fake.rf 1440.00000000 50042.06291175065544863 0.10000 7 
 fake.rf 1440.00000000 50056.34592341116938385 0.10000 7 
 fake.rf 1440.00000000 50070.09712039254745974 0.10000 7 
 fake.rf 1440.00000000 50084.40198102168689331 0.10000 7 
 fake.rf 1440.00000000 50098.10562092780477883 0.10000 7 
 fake.rf 1440.00000000 50112.15673687916743262 0.10000 7 
 fake.rf 1440.00000000 50125.95072335642656824 0.10000 7 
 fake.rf 1440.00000000 50139.87010102982605275 0.10000 7 
 fake.rf 1440.00000000 50153.95075307062646175 0.10000 7 
 fake.rf 1440.00000000 50168.04952902896295441 0.10000 7 
 fake.rf 1440.00000000 50181.61413367730244062 0.10000 7 
 fake.rf 1440.00000000 50195.57553264551324190 0.10000 7 
 fake.rf 1440.00000000 50209.79032214231491338 0.10000 7 
 fake.rf 1440.00000000 50223.45808216368324040 0.10000 7 
 fake.rf 1440.00000000 50237.57255429942808789 0.10000 7 
 fake.rf 1440.00000000 50251.55245340010219124 0.10000 7 
 fake.rf 1440.00000000 50265.28833270183136150 0.10000 7 
 fake.rf 1440.00000000 50279.53649125962233057 0.10000 7 
 fake.rf 1440.00000000 50293.85538373734774353 0.10000 7 
 fake.rf 1440.00000000 50307.46796813756574451 0.10000 7 
 fake.rf 1440.00000000 50321.70728328619147618 0.10000 7 
 fake.rf 1440.00000000 50335.13028682088273058 0.10000 7 
 fake.rf 1440.00000000 50349.31483588313942690 0.10000 7 
 fake.rf 1440.00000000 50363.03970389301023047 0.10000 7 
 fake.rf 1440.00000000 50377.48790304020577580 0.10000 7 
 fake.rf 1440.00000000 50391.20847780202961630 0.10000 7 
 fake.rf 1440.00000000 50405.45422076830657687 0.10000 7 
 fake.rf 1440.00000000 50419.26743795965920469 0.10000 7 
 fake.rf 1440.00000000 50433.05468203927851079 0.10000 7 
 fake.rf 1440.00000000 50447.10595408619897384 0.10000 7 
 fake.rf 1440.00000000 50461.24811091246580119 0.10000 7 
 fake.rf 1440.00000000 50475.12242894855583941 0.10000 7 
 fake.rf 1440.00000000 50488.82827207984903950 0.10000 7 
 fake.rf 1440.00000000 50502.75985188066121623 0.10000 7 
 fake.rf 1440.00000000 50516.97725664656343980 0.10000 7 
 fake.rf 1440.00000000 50531.09163247997165058 0.10000 7 
 fake.rf 1440.00000000 50545.11255429121107596 0.10000 7 
 fake.rf 1440.00000000 50558.49550487005765831 0.10000 7 
 fake.rf 1440.00000000 50572.56748443953776473 0.10000 7 
 fake.rf 1440.00000000 50586.70728438869988253 0.10000 7 
 fake.rf 1440.00000000 50600.89390370335577529 0.10000 7 
 fake.rf 1440.00000000 50614.56871394378218554 0.10000 7 
 fake.rf 1440.00000000 50628.70813892436097703 0.10000 7 
 fake.rf 1440.00000000 50642.48110710205735074 0.10000 7 
 fake.rf 1440.00000000 50656.52857006497337977 0.10000 7 
 fake.rf 1440.00000000 50670.82069336574797802 0.10000 7 
 fake.rf 1440.00000000 50684.61178667457365066 0.10000 7 
 fake.rf 1440.00000000 50698.43335497983057181 0.10000 7 
 fake.rf 1440.00000000 50712.34519622837801833 0.10000 7 
 fake.rf 1440.00000000 50726.49340813610726997 0.10000 7 
 fake.rf 1440.00000000 50740.63245357770895794 0.10000 7 
 fake.rf 1440.00000000 50754.15516938258312152 0.10000 7 
 fake.rf 1440.00000000 50768.43127753041511241 0.10000 7 
 fake.rf 1440.00000000 50782.12643146588493437 0.10000 7 
 fake.rf 1440.00000000 50796.07890795134558815 0.10000 7 
 fake.rf 1440.00000000 50810.17477467569631244 0.10000 7 
 fake.rf 1440.00000000 50824.29539612361328693 0.10000 7 
 fake.rf 1440.00000000 50837.86517497627539797 0.10000 7 
 fake.rf 1440.00000000 50851.81248495241806751 0.10000 7 
 fake.rf 1440.00000000 50865.75857647620120972 0.10000 7 
 fake.rf 1440.00000000 50880.08452015396989765 0.10000 7 
 fake.rf 1440.00000000 50894.21221300188100756 0.10000 7 
 fake.rf 1440.00000000 50908.07084871802306836 0.10000 7 
 fake.rf 1440.00000000 50921.47419489138578541 0.10000 7 
 fake.rf 1440.00000000 50935.57169357460616510 0.10000 7 
 fake.rf 1440.00000000 50949.68596014098034885 0.10000 7 
 fake.rf 1440.00000000 50963.90857485697650731 0.10000 7 
 fake.rf 1440.00000000 50977.39855480561938350 0.10000 7 
 fake.rf 1440.00000000 50991.60066466392028417 0.10000 7 
 fake.rf 1440.00000000 51005.26681827385173662 0.10000 7 
 fake.rf 1440.00000000 51019.60149098429908676 0.10000 7 
 fake.rf 1440.00000000 51033.36177947622120854 0.10000 7 
 fake.rf 1440.00000000 51047.40763613032634538 0.10000 7 
 fake.rf 1440.00000000 51061.25329319732756517 0.10000 7 
 fake.rf 1440.00000000 51075.49144264818838934 0.10000 7 
 fake.rf 1440.00000000 51089.62298830329295996 0.10000 7 
 fake.rf 1440.00000000 51103.13232804593075542 0.10000 7 
 fake.rf 1440.00000000 51117.19979690735821976 0.10000 7 
 fake.rf 1440.00000000 51131.19113694584413210 0.10000 7 
 fake.rf 1440.00000000 51145.31721065766236833 0.10000 7 
 fake.rf 1440.00000000 51158.90445080248428056 0.10000 7 
 fake.rf 1440.00000000 51173.07306234767935393 0.10000 7 
 fake.rf 1440.00000000 51186.76007792294612031 0.10000 7 
 fake.rf 1440.00000000 51201.32831892343771329 0.10000 7 
 fake.rf 1440.00000000 51215.23031051136069536 0.10000 7 
 fake.rf 1440.00000000 51228.90802865468177174 0.10000 7 
 fake.rf 1440.00000000 51242.94369581006007408 0.10000 7 
 fake.rf 1440.00000000 51257.00453482712400444 0.10000 7 
 fake.rf 1440.00000000 51270.95692464055381166 0.10000 7 
 fake.rf 1440.00000000 51284.97812771617194372 0.10000 7 
 fake.rf 1440.00000000 51299.02328446390633232 0.10000 7 
 fake.rf 1440.00000000 51312.67317730980063928 0.10000 7 
 fake.rf 1440.00000000 51326.86029929699086694 0.10000 7 
 fake.rf 1440.00000000 51340.80231778663141640 0.10000 7 
 fake.rf 1440.00000000 51354.56044952455344443 0.10000 7 
 fake.rf 1440.00000000 51368.88329627398897514 0.10000 7 
 fake.rf 1440.00000000 51382.31114073076969362 0.10000 7 
 fake.rf 1440.00000000 51396.33011323757037303 0.10000 7 
 fake.rf 1440.00000000 51410.18116605331492508 0.10000 7 
 fake.rf 1440.00000000 51424.51601310384027954 0.10000 7 
 fake.rf 1440.00000000 51438.23936533409657201 0.10000 7 
 fake.rf 1440.00000000 51452.46331680123888930 0.10000 7 
 fake.rf 1440.00000000 51466.59667845424398180 0.10000 7 
 fake.rf 1440.00000000 51480.40411336711753876 0.10000 7 
 fake.rf 1440.00000000 51494.51194806471276522 0.10000 7 
 fake.rf 1440.00000000 51508.25501858266481747 0.10000 7 
 fake.rf 1440.00000000 51522.23222520944274549 0.10000 7 
 fake.rf 1440.00000000 51535.88762561063585466 0.10000 7 
 fake.rf 1440.00000000 51550.40305777292347500 0.10000 7 
 fake.rf 1440.00000000 51563.74316379122446818 0.10000 7 
 fake.rf 1440.00000000 51578.22953071285876092 0.10000 7 
 fake.rf 1440.00000000 51591.70376238119641954 0.10000 7 
 fake.rf 1440.00000000 51605.91737273127094099 0.10000 7 
 fake.rf 1440.00000000 51620.12898130139607744 0.10000 7 
 fake.rf 1440.00000000 51633.54301333058792167 0.10000 7 
 fake.rf 1440.00000000 51647.69684133261071679 0.10000 7 
 fake.rf 1440.00000000 51661.62439412593215948 0.10000 7 
 fake.rf 1440.00000000 51675.77898603493909846 0.10000 7 
 fake.rf 1440.00000000 51690.03187913964213251 0.10000 7 
 fake.rf 1440.00000000 51703.95004779197541467 0.10000 7 
 fake.rf 1440.00000000 51717.49740219014192633 0.10000 7 
 fake.rf 1440.00000000 51731.83367805993708188 0.10000 7 
 fake.rf 1440.00000000 51745.43996565288979639 0.10000 7 
 fake.rf 1440.00000000 51759.21266806861282461 0.10000 7 
 fake.rf 1440.00000000 51773.52918852442619269 0.10000 7 
 fake.rf 1440.00000000 51787.59850056038769139 0.10000 7 
 fake.rf 1440.00000000 51801.06560914402682272 0.10000 7 
 fake.rf 1440.00000000 51815.51486682604025802 0.10000 7 
 fake.rf 1440.00000000 51829.64137745562587156 0.10000 7 
 fake.rf 1440.00000000 51842.99776488875464864 0.10000 7 
 fake.rf 1440.00000000 51857.15342897270486588 0.10000 7 
 fake.rf 1440.00000000 51871.04151794555880173 0.10000 7 
 fake.rf 1440.00000000 51885.32674961214040010 0.10000 7 
 fake.rf 1440.00000000 51898.98733472211171502 0.10000 7 
 fake.rf 1440.00000000 51913.38775137229648493 0.10000 7 
 fake.rf 1440.00000000 51927.15237705727863826 0.10000 7 
 fake.rf 1440.00000000 51941.26092549033280932 0.10000 7 
 fake.rf 1440.00000000 51955.01010808100607008 0.10000 7 
 fake.rf 1440.00000000 51969.13502699374576110 0.10000 7 
 fake.rf 1440.00000000 51983.13056692598068054 0.10000 7 
 fake.rf 1440.00000000 51996.92474833474313556 0.10000 7 
 fake.rf 1440.00000000 52010.90759350040612219 0.10000 7 
 fake.rf 1440.00000000 52025.08225787171873122 0.10000 7 
 fake.rf 1440.00000000 52038.46160901291076684 0.10000 7 
 fake.rf 1440.00000000 52052.69428882003571957 0.10000 7 
 fake.rf 1440.00000000 52066.98787792043322753 0.10000 7 
 fake.rf 1440.00000000 52080.55928310886904242 0.10000 7 
 fake.rf 1440.00000000 52094.75774183176405430 0.10000 7 
 fake.rf 1440.00000000 52108.57748225865147162 0.10000 7 
 fake.rf 1440.00000000 52122.44000661421319620 0.10000 7 
 fake.rf 1440.00000000 52136.59486000517507520 0.10000 7 
 fake.rf 1440.00000000 52150.66684757332800260 0.10000 7 
 fake.rf 1440.00000000 52164.23720721022401392 0.10000 7 
 fake.rf 1440.00000000 52178.03657424850663915 0.10000 7 
 fake.rf 1440.00000000 52192.58615696473256662 0.10000 7 
 fake.rf 1440.00000000 52206.51126312220226566 0.10000 7 
 fake.rf 1440.00000000 52220.41816828868097744 0.10000 7 
 fake.rf 1440.00000000 52234.47308565785084866 0.10000 7 
 fake.rf 1440.00000000 52248.21900888446328537 0.10000 7 
 fake.rf 1440.00000000 52262.29065077577357101 0.10000 7 
 fake.rf 1440.00000000 52276.40684834406497217 0.10000 7 
 fake.rf 1440.00000000 52290.34666164131553856 0.10000 7 
 fake.rf 1440.00000000 52304.34461865044003304 0.10000 7 
 fake.rf 1440.00000000 52318.11760722910142007 0.10000 7 
 fake.rf 1440.00000000 52331.75623178340156372 0.10000 7 
 fake.rf 1440.00000000 52346.19283142592571778 0.10000 7 
 fake.rf 1440.00000000 52359.76867174347492551 0.10000 7 
 fake.rf 1440.00000000 52373.55407078844730506 0.10000 7 
 fake.rf 1440.00000000 52387.77807910387404178 0.10000 7 
 fake.rf 1440.00000000 52401.51706446268248740 0.10000 7 
 fake.rf 1440.00000000 52416.00289611049677774 0.10000 7 
 fake.rf 1440.00000000 52429.39264529685469540 0.10000 7 
 fake.rf 1440.00000000 52443.81936853331486503 0.10000 7 
 fake.rf 1440.00000000 52457.85142390203695228 0.10000 7 
 fake.rf 1440.00000000 52471.32541695498849776 0.10000 7 
 fake.rf 1440.00000000 52485.35637941542353602 0.10000 7 
 fake.rf 1440.00000000 52499.72024999946767565 0.10000 7 
 fake.rf 1440.00000000 52513.47054099374386027 0.10000 7 
 fake.rf 1440.00000000 52527.73818819504073474 0.10000 7 
 fake.rf 1440.00000000 52541.29335857219179928 0.10000 7 
 fake.rf 1440.00000000 52555.61106663549705686 0.10000 7 
 fake.rf 1440.00000000 52569.40512665310678386 0.10000 7 
 fake.rf 1440.00000000 52583.07051065199515705 0.10000 7 
 fake.rf 1440.00000000 52596.99680444937598622 0.10000 7 
 fake.rf 1440.00000000 52611.29512425042665669 0.10000 7 
 fake.rf 1440.00000000 52624.88165036747876968 0.10000 7 
 fake.rf 1440.00000000 52638.77127638642459928 0.10000 7 
 fake.rf 1440.00000000 52653.01472743830017365 0.10000 7 
 fake.rf 1440.00000000 52666.69439702995063612 0.10000 7 
 fake.rf 1440.00000000 52681.03483895101776469 0.10000 7 
 fake.rf 1440.00000000 52694.72149135932198050 0.10000 7 
 fake.rf 1440.00000000 52709.22225112674173886 0.10000 7 
 fake.rf 1440.00000000 52722.87406586292752664 0.10000 7 
 fake.rf 1440.00000000 52736.59690123707055776 0.10000 7 
 fake.rf 1440.00000000 52750.90887571223891683 0.10000 7 
 fake.rf 1440.00000000 52764.90420765200234499 0.10000 7 
 fake.rf 1440.00000000 52778.43520210872299003 0.10000 7 
 fake.rf 1440.00000000 52792.36124304421596776 0.10000 7 
 fake.rf 1440.00000000 52806.84686670653118412 0.10000 7 
 fake.rf 1440.00000000 52820.64009563164480099 0.10000 7 
 fake.rf 1440.00000000 52834.34334788001203620 0.10000 7 
 fake.rf 1440.00000000 52848.68636266176886096 0.10000 7 
 fake.rf 1440.00000000 52862.57423340752057683 0.10000 7 
 fake.rf 1440.00000000 52876.74243504003843697 0.10000 7 
 fake.rf 1440.00000000 52890.48906458766633776 0.10000 7 
 fake.rf 1440.00000000 52904.55582115180512304 0.10000 7 
 fake.rf 1440.00000000 52918.12654457514498674 0.10000 7 
 fake.rf 1440.00000000 52932.27527077128820920 0.10000 7 
 fake.rf 1440.00000000 52946.13054435584134438 0.10000 7 
 fake.rf 1440.00000000 52960.00714109373757310 0.10000 7 
 fake.rf 1440.00000000 52974.41593039405634258 0.10000 7 
 fake.rf 1440.00000000 52987.96047150460912434 0.10000 7 
 fake.rf 1440.00000000 53002.33602095641337826 0.10000 7 
