FORMAT 1
MODE 1
 fake.rf 1440.00000000 50000.04704519730015733 0.10000 7 
 fake.rf 1440.00000000 50014.22277281684618089 0.10000 7 
 fake.rf 1440.00000000 50028.26820148789119713 0.10000 7 
 fake.rf 1440.00000000 50042.00535303838627499 0.10000 7 
 fake.rf 1440.00000000 50056.10893275953902659 0.10000 7 
 fake.rf 1440.00000000 50070.43603852605956916 0.10000 7 
 fake.rf 1440.00000000 50083.89108571520085178 0.10000 7 
 fake.rf 1440.00000000 50098.37333345226148396 0.10000 7 
 fake.rf 1440.00000000 50111.75865099466498975 0.10000 7 
 fake.rf 1440.00000000 50125.75268407729211972 0.10000 7 
 fake.rf 1440.00000000 50139.92497257199671878 0.10000 7 
 fake.rf 1440.00000000 50153.73801823803038502 0.10000 7 
 fake.rf 1440.00000000 50168.08225185053026607 0.10000 7 
 fake.rf 1440.00000000 50181.62143172154272719 0.10000 7 
 fake.rf 1440.00000000 50195.67036460935054620 0.10000 7 
 fake.rf 1440.00000000 50209.97886514652773471 0.10000 7 
 fake.rf 1440.00000000 50224.04189478124402868 0.10000 7 
 fake.rf 1440.00000000 50237.92228260869936562 0.10000 7 
 fake.rf 1440.00000000 50251.97226149266170481 0.10000 7 
 fake.rf 1440.00000000 50265.74986532096803060 0.10000 7 
 fake.rf 1440.00000000 50279.55634998776136868 0.10000 7 
 fake.rf 1440.00000000 50293.81275649135299233 0.10000 7 
 fake.rf 1440.00000000 50307.37521593700875044 0.10000 7 
 fake.rf 1440.00000000 50321.28668325499241476 0.10000 7 
 fake.rf 1440.00000000 50335.15203928913956233 0.10000 7 
 fake.rf 1440.00000000 50349.56811765061247499 0.10000 7 
 fake.rf 1440.00000000 50363.37308462844042722 0.10000 7 
 fake.rf 1440.00000000 50377.15326344923314039 0.10000 7 
 fake.rf 1440.00000000 50391.34969051951459917 0.10000 7 
 fake.rf 1440.00000000 50405.40409134997873508 0.10000 7 
 fake.rf 1440.00000000 50418.93137901907464027 0.10000 7 
 fake.rf 1440.00000000 50433.27843155441626166 0.10000 7 
 fake.rf 1440.00000000 50446.88011935783592676 0.10000 7 
 fake.rf 1440.00000000 50461.15772842971061252 0.10000 7 
 fake.rf 1440.00000000 50475.28015859373733676 0.10000 7 
 fake.rf 1440.00000000 50489.02365223092336066 0.10000 7 
 fake.rf 1440.00000000 50502.99992645411333925 0.10000 7 
 fake.rf 1440.00000000 50516.61562987677864101 0.10000 7 
 fake.rf 1440.00000000 50530.87959731138865394 0.10000 7 
 fake.rf 1440.00000000 50544.94608178701791701 0.10000 7 
 fake.rf 1440.00000000 50558.59404437327490101 0.10000 7 
 fake.rf 1440.00000000 50573.06852634468637575 0.10000 7 
 fake.rf 1440.00000000 50586.98628258866980190 0.10000 7 
 fake.rf 1440.00000000 50601.01670483532590694 0.10000 7 
 fake.rf 1440.00000000 50614.40192608372724692 0.10000 7 
 fake.rf 1440.00000000 50628.40684127910752466 0.10000 7 
 fake.rf 1440.00000000 50642.78399009863939995 0.10000 7 
 fake.rf 1440.00000000 50656.27046709024293847 0.10000 7 
 fake.rf 1440.00000000 50670.19399618645022443 0.10000 7 
 fake.rf 1440.00000000 50684.65934994400272018 0.10000 7 
 fake.rf 1440.00000000 50698.62832348689403617 0.10000 7 
 fake.rf 1440.00000000 50712.39656328773072147 0.10000 7 
 fake.rf 1440.00000000 50726.48988301598427952 0.10000 7 
 fake.rf 1440.00000000 50740.05954204324833867 0.10000 7 
 fake.rf 1440.00000000 50754.44414191724460039 0.10000 7 
 fake.rf 1440.00000000 50768.44104369368108465 0.10000 7 
 fake.rf 1440.00000000 50782.46500716654060170 0.10000 7 
 fake.rf 1440.00000000 50796.02613342733177504 0.10000 7 
 fake.rf 1440.00000000 50809.84144008008107818 0.10000 7 
 fake.rf 1440.00000000 50824.10005670591888816 0.10000 7 
 fake.rf 1440.00000000 50837.75380982437926036 0.10000 7 
 fake.rf 1440.00000000 50851.80129692511652451 0.10000 7 
 fake.rf 1440.00000000 50865.77852547185810295 0.10000 7 
 fake.rf 1440.00000000 50879.73885916323550660 0.10000 7 
 fake.rf 1440.00000000 50894.10218135413078144 0.10000 7 
 fake.rf 1440.00000000 50907.57339949103081977 0.10000 7 
 fake.rf 1440.00000000 50921.98211953443514233 0.10000 7 
 fake.rf 1440.00000000 50935.69327534423486625 0.10000 7 
 fake.rf 1440.00000000 50949.48508963270532846 0.10000 7 
 fake.rf 1440.00000000 50963.52933649368491587 0.10000 7 
 fake.rf 1440.00000000 50977.34520289643350566 0.10000 7 
 fake.rf 1440.00000000 50991.48987248398550420 0.10000 7 
 fake.rf 1440.00000000 51005.38016072584359151 0.10000 7 
 fake.rf 1440.00000000 51019.81867610717044315 0.10000 7 
 fake.rf 1440.00000000 51033.36532732621768815 0.10000 7 
 fake.rf 1440.00000000 51047.34572955010980522 0.10000 7 
 fake.rf 1440.00000000 51061.16071952389705402 0.10000 7 
 fake.rf 1440.00000000 51075.12274563883415723 0.10000 7 
 fake.rf 1440.00000000 51089.29451758187182264 0.10000 7 
 fake.rf 1440.00000000 51103.07126268522440071 0.10000 7 
 fake.rf 1440.00000000 51117.53686864817895952 0.10000 7 
 fake.rf 1440.00000000 51131.04917357152405444 0.10000 7 
 fake.rf 1440.00000000 51145.29905120806582275 0.10000 7 
 fake.rf 1440.00000000 51159.22953628822524763 0.10000 7 
 fake.rf 1440.00000000 51173.01639294513726952 0.10000 7 
 fake.rf 1440.00000000 51187.02242984875026721 0.10000 7 
 fake.rf 1440.00000000 51200.98804277473339042 0.10000 7 
 fake.rf 1440.00000000 51214.83708900537442688 0.10000 7 
 fake.rf 1440.00000000 51229.10914489160165175 0.10000 7 
 fake.rf 1440.00000000 51242.92829055514303604 0.10000 7 
 fake.rf 1440.00000000 51257.07417948028126631 0.10000 7 
 fake.rf 1440.00000000 51271.03821453267319797 0.10000 7 
 fake.rf 1440.00000000 51284.94307332529130505 0.10000 7 
 fake.rf 1440.00000000 51299.10441689958185307 0.10000 7 
 fake.rf 1440.00000000 51313.06701169188893985 0.10000 7 
 fake.rf 1440.00000000 51326.70675210816851930 0.10000 7 
 fake.rf 1440.00000000 51340.37753984703152810 0.10000 7 
 fake.rf 1440.00000000 51354.78708075582489201 0.10000 7 
 fake.rf 1440.00000000 51368.84286971730627158 0.10000 7 
 fake.rf 1440.00000000 51382.34369783402015130 0.10000 7 
 fake.rf 1440.00000000 51396.83571165989079788 0.10000 7 
 fake.rf 1440.00000000 51410.74559308072238650 0.10000 7 
 fake.rf 1440.00000000 51424.42931685113341445 0.10000 7 
 fake.rf 1440.00000000 51438.18317829783730843 0.10000 7 
 fake.rf 1440.00000000 51452.56980118161918014 0.10000 7 
 fake.rf 1440.00000000 51466.50506890810823180 0.10000 7 
 fake.rf 1440.00000000 51480.27755867166457193 0.10000 7 
 fake.rf 1440.00000000 51494.51739756871540976 0.10000 7 
 fake.rf 1440.00000000 51508.45291749050786478 0.10000 7 
 fake.rf 1440.00000000 51522.43540526932000745 0.10000 7 
 fake.rf 1440.00000000 51535.82354868657273528 0.10000 7 
 fake.rf 1440.00000000 51550.26290060531323434 0.10000 7 
 fake.rf 1440.00000000 51563.79591936285289933 0.10000 7 
 fake.rf 1440.00000000 51578.13883315282555486 0.10000 7 
 fake.rf 1440.00000000 51591.88022954602551806 0.10000 7 
 fake.rf 1440.00000000 51605.90499772006280921 0.10000 7 
 fake.rf 1440.00000000 51619.62550781712742776 0.10000 7 
 fake.rf 1440.00000000 51634.03740986828151804 0.10000 7 
 fake.rf 1440.00000000 51647.94945036273002970 0.10000 7 
 fake.rf 1440.00000000 51661.98024235770895629 0.10000 7 
 fake.rf 1440.00000000 51675.58284948853795271 0.10000 7 
 fake.rf 1440.00000000 51689.67900495750418699 0.10000 7 
 fake.rf 1440.00000000 51703.71205811310691658 0.10000 7 
 fake.rf 1440.00000000 51717.92441674423189113 0.10000 7 
 fake.rf 1440.00000000 51731.55347519158049963 0.10000 7 
 fake.rf 1440.00000000 51745.58734919245890183 0.10000 7 
 fake.rf 1440.00000000 51759.47767432993898495 0.10000 7 
 fake.rf 1440.00000000 51773.48241322138967035 0.10000 7 
 fake.rf 1440.00000000 51787.29738753695998099 0.10000 7 
 fake.rf 1440.00000000 51801.28172772711119620 0.10000 7 
 fake.rf 1440.00000000 51815.49218746524126900 0.10000 7 
 fake.rf 1440.00000000 51829.17073498463524928 0.10000 7 
 fake.rf 1440.00000000 51843.10318267631306099 0.10000 7 
 fake.rf 1440.00000000 51857.03559222296278008 0.10000 7 
 fake.rf 1440.00000000 51871.17289397077448498 0.10000 7 
 fake.rf 1440.00000000 51884.86352393164524344 0.10000 7 
 fake.rf 1440.00000000 51899.43609393538438468 0.10000 7 
 fake.rf 1440.00000000 51913.38411150739582212 0.10000 7 
 fake.rf 1440.00000000 51927.35280642935600071 0.10000 7 
 fake.rf 1440.00000000 51941.23245575512671834 0.10000 7 
 fake.rf 1440.00000000 51955.20118718916388190 0.10000 7 
 fake.rf 1440.00000000 51969.26291826940581586 0.10000 7 
 fake.rf 1440.00000000 51982.95347888478222487 0.10000 7 
 fake.rf 1440.00000000 51997.16012183249297607 0.10000 7 
 fake.rf 1440.00000000 52010.93632609909992937 0.10000 7 
 fake.rf 1440.00000000 52025.07317586604504456 0.10000 7 
 fake.rf 1440.00000000 52038.67614635432859060 0.10000 7 
 fake.rf 1440.00000000 52052.87775344240380093 0.10000 7 
 fake.rf 1440.00000000 52066.79806468635572969 0.10000 7 
 fake.rf 1440.00000000 52080.35130170138661043 0.10000 7 
 fake.rf 1440.00000000 52094.62192689022251102 0.10000 7 
 fake.rf 1440.00000000 52108.84973795761334259 0.10000 7 
 fake.rf 1440.00000000 52122.53735655202545374 0.10000 7 
 fake.rf 1440.00000000 52136.21259423892379203 0.10000 7 
 fake.rf 1440.00000000 52150.69099005751198206 0.10000 7 
 fake.rf 1440.00000000 52164.71255978482234639 0.10000 7 
 fake.rf 1440.00000000 52178.45989757237336448 0.10000 7 
 fake.rf 1440.00000000 52192.20017791293474474 0.10000 7 
 fake.rf 1440.00000000 52206.26471259891581056 0.10000 7 
 fake.rf 1440.00000000 52220.53191742424951727 0.10000 7 
 fake.rf 1440.00000000 52234.29476400177433604 0.10000 7 
 fake.rf 1440.00000000 52247.94131786168762943 0.10000 7 
 fake.rf 1440.00000000 52261.92529628013511100 0.10000 7 
 fake.rf 1440.00000000 52276.32548329597121040 0.10000 7 
 fake.rf 1440.00000000 52289.94267275427555219 0.10000 7 
 fake.rf 1440.00000000 52304.10217898344729903 0.10000 7 
 fake.rf 1440.00000000 52318.23122202248258361 0.10000 7 
 fake.rf 1440.00000000 52331.79254086930879808 0.10000 7 
 fake.rf 1440.00000000 52345.93829077159306706 0.10000 7 
 fake.rf 1440.00000000 52360.07425478738809232 0.10000 7 
 fake.rf 1440.00000000 52373.55344903590880534 0.10000 7 
 fake.rf 1440.00000000 52387.70615640914044775 0.10000 7 
 fake.rf 1440.00000000 52401.94207757931479463 0.10000 7 
 fake.rf 1440.00000000 52415.81672517880102546 0.10000 7 
 fake.rf 1440.00000000 52429.54763489836310697 0.10000 7 
 fake.rf 1440.00000000 52443.59798638465690601 0.10000 7 
 fake.rf 1440.00000000 52457.64770984457007685 0.10000 7 
 fake.rf 1440.00000000 52471.68648279228811049 0.10000 7 
 fake.rf 1440.00000000 52485.31000076317643988 0.10000 7 
 fake.rf 1440.00000000 52499.31826150062524050 0.10000 7 
 fake.rf 1440.00000000 52513.61516423410453669 0.10000 7 
 fake.rf 1440.00000000 52527.54753343280080458 0.10000 7 
 fake.rf 1440.00000000 52541.15516465454409101 0.10000 7 
 fake.rf 1440.00000000 52555.17791203250343912 0.10000 7 
 fake.rf 1440.00000000 52569.49041166609188025 0.10000 7 
 fake.rf 1440.00000000 52582.94799810598383516 0.10000 7 
 fake.rf 1440.00000000 52597.03054125610567482 0.10000 7 
 fake.rf 1440.00000000 52611.12860476344495453 0.10000 7 
 fake.rf 1440.00000000 52625.03136428529832713 0.10000 7 
 fake.rf 1440.00000000 52639.21666819038886942 0.10000 7 
 fake.rf 1440.00000000 52652.95349592720936016 0.10000 7 
 fake.rf 1440.00000000 52667.32399474204323653 0.10000 7 
 fake.rf 1440.00000000 52681.19407855838827714 0.10000 7 
 fake.rf 1440.00000000 52694.95311080073711096 0.10000 7 
 fake.rf 1440.00000000 52709.09535602549090783 0.10000 7 
 fake.rf 1440.00000000 52722.62085538145811014 0.10000 7 
 fake.rf 1440.00000000 52736.57761991028487003 0.10000 7 
 fake.rf 1440.00000000 52750.88713422907442308 0.10000 7 
 fake.rf 1440.00000000 52764.67884515863480033 0.10000 7 
 fake.rf 1440.00000000 52778.81958566581032599 0.10000 7 
 fake.rf 1440.00000000 52792.63662340019077490 0.10000 7 
 fake.rf 1440.00000000 52806.61242132145195072 0.10000 7 
 fake.rf 1440.00000000 52820.94409528420930044 0.10000 7 
 fake.rf 1440.00000000 52834.36861356843041193 0.10000 7 
 fake.rf 1440.00000000 52848.25728516841964577 0.10000 7 
 fake.rf 1440.00000000 52862.35809490714929026 0.10000 7 
 fake.rf 1440.00000000 52876.53785741143015642 0.10000 7 
 fake.rf 1440.00000000 52890.51447852921288018 0.10000 7 
 fake.rf 1440.00000000 52904.69228731038797875 0.10000 7 
 fake.rf 1440.00000000 52918.53379381067576759 0.10000 7 
 fake.rf 1440.00000000 52932.55690176894488275 0.10000 7 
 fake.rf 1440.00000000 52946.40317264021570764 0.10000 7 
 fake.rf 1440.00000000 52960.21527442000644825 0.10000 7 
 fake.rf 1440.00000000 52973.88423967330890818 0.10000 7 
 fake.rf 1440.00000000 52988.45815066566477824 0.10000 7 
 fake.rf 1440.00000000 53001.95431146078828633 0.10000 7 
