FORMAT 1
MODE 1
 fake.rf 1440.00000000 50000.58194295255466955 0.10000 7 
 fake.rf 1440.00000000 50014.17092536217104737 0.10000 7 
 fake.rf 1440.00000000 50028.02882745000734133 0.10000 7 
 fake.rf 1440.00000000 50042.43921106672182475 0.10000 7 
 fake.rf 1440.00000000 50056.05871135078484357 0.10000 7 
 fake.rf 1440.00000000 50070.30419867342138929 0.10000 7 
 fake.rf 1440.00000000 50084.32035597309643649 0.10000 7 
 fake.rf 1440.00000000 50097.76779760564764743 0.10000 7 
 fake.rf 1440.00000000 50112.03381184269047566 0.10000 7 
 fake.rf 1440.00000000 50125.87124384846898906 0.10000 7 
 fake.rf 1440.00000000 50140.23392712788887948 0.10000 7 
 fake.rf 1440.00000000 50153.75308261062004789 0.10000 7 
 fake.rf 1440.00000000 50167.86066340222660642 0.10000 7 
 fake.rf 1440.00000000 50181.66431799010640802 0.10000 7 
 fake.rf 1440.00000000 50195.98582801442336887 0.10000 7 
 fake.rf 1440.00000000 50209.76470742671606828 0.10000 7 
 fake.rf 1440.00000000 50223.62169419765757539 0.10000 7 
 fake.rf 1440.00000000 50237.62149859798113383 0.10000 7 
 fake.rf 1440.00000000 50251.69847232935859793 0.10000 7 
 fake.rf 1440.00000000 50265.82061531353485151 0.10000 7 
 fake.rf 1440.00000000 50279.35599020218068489 0.10000 7 
 fake.rf 1440.00000000 50293.68642239799765292 0.10000 7 
 fake.rf 1440.00000000 50307.57770399114716042 0.10000 7 
 fake.rf 1440.00000000 50321.68514805243783172 0.10000 7 
 fake.rf 1440.00000000 50335.23577834277116239 0.10000 7 
 fake.rf 1440.00000000 50349.71012396054988614 0.10000 7 
 fake.rf 1440.00000000 50363.52082429055725399 0.10000 7 
 fake.rf 1440.00000000 50377.30920711545369883 0.10000 7 
 fake.rf 1440.00000000 50390.99223115196003420 0.10000 7 
 fake.rf 1440.00000000 50405.52211596172423569 0.10000 7 
 fake.rf 1440.00000000 50419.42798887989149392 0.10000 7 
 fake.rf 1440.00000000 50433.44961299224674178 0.10000 7 
 fake.rf 1440.00000000 50446.94003960711943435 0.10000 7 
 fake.rf 1440.00000000 50461.40870734611244330 0.10000 7 
 fake.rf 1440.00000000 50475.21227450610083665 0.10000 7 
 fake.rf 1440.00000000 50489.02709406433205430 0.10000 7 
 fake.rf 1440.00000000 50503.11280849005789406 0.10000 7 
 fake.rf 1440.00000000 50516.97075908858885285 0.10000 7 
 fake.rf 1440.00000000 50530.93791306751101544 0.10000 7 
 fake.rf 1440.00000000 50544.66120116415640595 0.10000 7 
 fake.rf 1440.00000000 50559.06147637979174903 0.10000 7 
 fake.rf 1440.00000000 50572.76287307405904414 0.10000 7 
 fake.rf 1440.00000000 50586.71020945363211396 0.10000 7 
 fake.rf 1440.00000000 50600.58962485717943736 0.10000 7 
 fake.rf 1440.00000000 50614.79956877279256489 0.10000 7 
 fake.rf 1440.00000000 50628.43997458558167324 0.10000 7 
 fake.rf 1440.00000000 50642.80316212883333549 0.10000 7 
 fake.rf 1440.00000000 50656.24165226954808716 0.10000 7 
 fake.rf 1440.00000000 50670.58675520339702913 0.10000 7 
 fake.rf 1440.00000000 50684.39847595153271342 0.10000 7 
 fake.rf 1440.00000000 50698.66400170031696248 0.10000 7 
 fake.rf 1440.00000000 50712.58270557209495166 0.10000 7 
 fake.rf 1440.00000000 50726.09641797923343631 0.10000 7 
 fake.rf 1440.00000000 50740.29145135846502512 0.10000 7 
 fake.rf 1440.00000000 50754.35582536885370075 0.10000 7 
 fake.rf 1440.00000000 50768.12506080577871614 0.10000 7 
 fake.rf 1440.00000000 50782.16599920994610429 0.10000 7 
 fake.rf 1440.00000000 50796.07929956363582491 0.10000 7 
 fake.rf 1440.00000000 50810.34181059419212900 0.10000 7 
 fake.rf 1440.00000000 50824.10399902069334743 0.10000 7 
 fake.rf 1440.00000000 50837.91874369642064835 0.10000 7 
 fake.rf 1440.00000000 50852.12535363814296829 0.10000 7 
 fake.rf 1440.00000000 50865.94739233486696151 0.10000 7 
 fake.rf 1440.00000000 50879.95745632002375558 0.10000 7 
 fake.rf 1440.00000000 50894.00429336668724289 0.10000 7 
 fake.rf 1440.00000000 50907.66812520850501400 0.10000 7 
 fake.rf 1440.00000000 50921.53123495973553503 0.10000 7 
 fake.rf 1440.00000000 50935.70201248874118960 0.10000 7 
 fake.rf 1440.00000000 50949.92868768967900550 0.10000 7 
 fake.rf 1440.00000000 50963.79717739076949812 0.10000 7 
 fake.rf 1440.00000000 50977.72946912474051828 0.10000 7 
 fake.rf 1440.00000000 50991.72797896132970052 0.10000 7 
 fake.rf 1440.00000000 51005.33609140468650267 0.10000 7 
 fake.rf 1440.00000000 51019.25394561626391621 0.10000 7 
 fake.rf 1440.00000000 51033.83676357174111615 0.10000 7 
 fake.rf 1440.00000000 51047.69304593822744565 0.10000 7 
 fake.rf 1440.00000000 51061.28953205893095912 0.10000 7 
 fake.rf 1440.00000000 51075.60709697084409697 0.10000 7 
 fake.rf 1440.00000000 51089.60676219829116462 0.10000 7 
 fake.rf 1440.00000000 51103.58657736744699918 0.10000 7 
 fake.rf 1440.00000000 51117.08742238793939450 0.10000 7 
 fake.rf 1440.00000000 51131.39083941640779329 0.10000 7 
 fake.rf 1440.00000000 51145.32758455929391772 0.10000 7 
 fake.rf 1440.00000000 51159.04703466088997743 0.10000 7 
 fake.rf 1440.00000000 51172.91704443908028210 0.10000 7 
 fake.rf 1440.00000000 51186.95638980855321876 0.10000 7 
 fake.rf 1440.00000000 51201.14996804250672469 0.10000 7 
 fake.rf 1440.00000000 51215.09914228842253436 0.10000 7 
 fake.rf 1440.00000000 51229.09001408321165272 0.10000 7 
 fake.rf 1440.00000000 51242.91766269610073792 0.10000 7 
 fake.rf 1440.00000000 51256.66725147576072885 0.10000 7 
 fake.rf 1440.00000000 51271.17776062118631586 0.10000 7 
 fake.rf 1440.00000000 51284.58357866495015998 0.10000 7 
 fake.rf 1440.00000000 51298.86009874969138878 0.10000 7 
 fake.rf 1440.00000000 51312.75223129634994024 0.10000 7 
 fake.rf 1440.00000000 51326.90977917645770745 0.10000 7 
 fake.rf 1440.00000000 51340.88835723766129959 0.10000 7 
 fake.rf 1440.00000000 51354.68182554952352703 0.10000 7 
 fake.rf 1440.00000000 51368.38171035990681546 0.10000 7 
 fake.rf 1440.00000000 51382.62518970786604910 0.10000 7 
 fake.rf 1440.00000000 51396.32537369500367319 0.10000 7 
 fake.rf 1440.00000000 51410.66244303451454556 0.10000 7 
 fake.rf 1440.00000000 51424.27599158391585021 0.10000 7 
 fake.rf 1440.00000000 51438.28918077027872968 0.10000 7 
 fake.rf 1440.00000000 51452.58233038793224168 0.10000 7 
 fake.rf 1440.00000000 51466.15025629786966377 0.10000 7 
 fake.rf 1440.00000000 51480.05795394531816456 0.10000 7 
 fake.rf 1440.00000000 51493.98581575739953209 0.10000 7 
 fake.rf 1440.00000000 51507.90953258794927905 0.10000 7 
 fake.rf 1440.00000000 51521.85512154752501246 0.10000 7 
 fake.rf 1440.00000000 51536.46769130138770620 0.10000 7 
 fake.rf 1440.00000000 51549.93047914237036267 0.10000 7 
 fake.rf 1440.00000000 51564.21771122888153727 0.10000 7 
 fake.rf 1440.00000000 51578.13858549602462489 0.10000 7 
 fake.rf 1440.00000000 51592.02571623833189918 0.10000 7 
 fake.rf 1440.00000000 51606.22118416023243270 0.10000 7 
 fake.rf 1440.00000000 51620.21962986497089787 0.10000 7 
 fake.rf 1440.00000000 51633.67189820860233240 0.10000 7 
 fake.rf 1440.00000000 51647.85476642007911963 0.10000 7 
 fake.rf 1440.00000000 51661.88230993157384674 0.10000 7 
 fake.rf 1440.00000000 51675.86711975611212111 0.10000 7 
 fake.rf 1440.00000000 51689.83780280940981200 0.10000 7 
 fake.rf 1440.00000000 51703.74741481931528497 0.10000 7 
 fake.rf 1440.00000000 51717.84293543383228808 0.10000 7 
 fake.rf 1440.00000000 51731.46169799035910941 0.10000 7 
 fake.rf 1440.00000000 51745.30166863002570210 0.10000 7 
 fake.rf 1440.00000000 51759.59296312764858072 0.10000 7 
 fake.rf 1440.00000000 51773.22852981838804354 0.10000 7 
 fake.rf 1440.00000000 51787.56686150005708669 0.10000 7 
 fake.rf 1440.00000000 51801.59626687085633279 0.10000 7 
 fake.rf 1440.00000000 51815.51353901390515233 0.10000 7 
 fake.rf 1440.00000000 51829.59028068368759534 0.10000 7 
 fake.rf 1440.00000000 51843.32831486811071642 0.10000 7 
 fake.rf 1440.00000000 51857.56402822792544072 0.10000 7 
 fake.rf 1440.00000000 51871.02551852084366146 0.10000 7 
 fake.rf 1440.00000000 51885.09492847562387396 0.10000 7 
 fake.rf 1440.00000000 51898.93679369910806898 0.10000 7 
 fake.rf 1440.00000000 51913.01087442555564522 0.10000 7 
 fake.rf 1440.00000000 51927.04637218752718297 0.10000 7 
 fake.rf 1440.00000000 51940.85018036630780003 0.10000 7 
 fake.rf 1440.00000000 51954.90807606504324667 0.10000 7 
 fake.rf 1440.00000000 51968.92770301507146513 0.10000 7 
 fake.rf 1440.00000000 51982.89919181162112949 0.10000 7 
 fake.rf 1440.00000000 51996.61587898569123212 0.10000 7 
 fake.rf 1440.00000000 52010.59460630773699918 0.10000 7 
 fake.rf 1440.00000000 52024.49145185370640121 0.10000 7 
 fake.rf 1440.00000000 52038.44183295526444510 0.10000 7 
 fake.rf 1440.00000000 52052.45723206226591628 0.10000 7 
 fake.rf 1440.00000000 52066.51123874983773732 0.10000 7 
 fake.rf 1440.00000000 52080.68271417354621278 0.10000 7 
 fake.rf 1440.00000000 52094.76388276444677317 0.10000 7 
 fake.rf 1440.00000000 52108.84092535269583024 0.10000 7 
 fake.rf 1440.00000000 52122.35464324606574138 0.10000 7 
 fake.rf 1440.00000000 52136.38364995158545767 0.10000 7 
 fake.rf 1440.00000000 52150.59443918341109736 0.10000 7 
 fake.rf 1440.00000000 52164.43181241972119722 0.10000 7 
 fake.rf 1440.00000000 52178.33901579753465327 0.10000 7 
 fake.rf 1440.00000000 52192.21265883419454568 0.10000 7 
 fake.rf 1440.00000000 52206.39049155246412681 0.10000 7 
 fake.rf 1440.00000000 52220.00758599509047997 0.10000 7 
 fake.rf 1440.00000000 52233.94886057345740227 0.10000 7 
 fake.rf 1440.00000000 52248.08219145410310347 0.10000 7 
 fake.rf 1440.00000000 52262.48092024937805888 0.10000 7 
 fake.rf 1440.00000000 52276.19845516295576360 0.10000 7 
 fake.rf 1440.00000000 52289.93905876033112179 0.10000 7 
 fake.rf 1440.00000000 52303.83750400313325102 0.10000 7 
 fake.rf 1440.00000000 52318.32934139223432268 0.10000 7 
 fake.rf 1440.00000000 52331.95003641403456385 0.10000 7 
 fake.rf 1440.00000000 52345.96078840633728646 0.10000 7 
 fake.rf 1440.00000000 52359.85968305060127648 0.10000 7 
 fake.rf 1440.00000000 52373.98907893219378451 0.10000 7 
 fake.rf 1440.00000000 52388.09595267900779092 0.10000 7 
 fake.rf 1440.00000000 52402.05270039536037530 0.10000 7 
 fake.rf 1440.00000000 52415.52514443656842147 0.10000 7 
 fake.rf 1440.00000000 52429.38693134691398257 0.10000 7 
 fake.rf 1440.00000000 52443.36063247459128434 0.10000 7 
 fake.rf 1440.00000000 52457.43481484909017709 0.10000 7 
 fake.rf 1440.00000000 52471.28520894386637607 0.10000 7 
 fake.rf 1440.00000000 52485.31253516176124307 0.10000 7 
 fake.rf 1440.00000000 52499.47895031683067657 0.10000 7 
 fake.rf 1440.00000000 52513.53904596136776206 0.10000 7 
 fake.rf 1440.00000000 52527.68576686179476098 0.10000 7 
 fake.rf 1440.00000000 52541.30078392664462683 0.10000 7 
 fake.rf 1440.00000000 52555.57949015722523356 0.10000 7 
 fake.rf 1440.00000000 52569.12677718333150167 0.10000 7 
 fake.rf 1440.00000000 52582.99080956362869799 0.10000 7 
 fake.rf 1440.00000000 52597.14511515866639968 0.10000 7 
 fake.rf 1440.00000000 52611.30449828857542371 0.10000 7 
 fake.rf 1440.00000000 52625.08039972544357354 0.10000 7 
 fake.rf 1440.00000000 52639.45076411963119156 0.10000 7 
 fake.rf 1440.00000000 52653.26546764859994809 0.10000 7 
 fake.rf 1440.00000000 52667.02086982546333971 0.10000 7 
 fake.rf 1440.00000000 52680.89612449232719982 0.10000 7 
 fake.rf 1440.00000000 52695.14778300437307124 0.10000 7 
 fake.rf 1440.00000000 52708.65894607285080653 0.10000 7 
 fake.rf 1440.00000000 52722.97969706843833393 0.10000 7 
 fake.rf 1440.00000000 52737.16802674045070987 0.10000 7 
 fake.rf 1440.00000000 52750.54258671952899817 0.10000 7 
 fake.rf 1440.00000000 52764.52225878316360763 0.10000 7 
 fake.rf 1440.00000000 52778.75956658784414088 0.10000 7 
 fake.rf 1440.00000000 52792.73791391429595876 0.10000 7 
 fake.rf 1440.00000000 52806.88520791514971364 0.10000 7 
 fake.rf 1440.00000000 52820.60094879606054619 0.10000 7 
 fake.rf 1440.00000000 52834.57426995227846689 0.10000 7 
 fake.rf 1440.00000000 52848.23223406894125276 0.10000 7 
 fake.rf 1440.00000000 52862.51465461191946815 0.10000 7 
 fake.rf 1440.00000000 52876.49990289880291527 0.10000 7 
 fake.rf 1440.00000000 52890.27027545372082074 0.10000 7 
 fake.rf 1440.00000000 52904.44131626192522333 0.10000 7 
 fake.rf 1440.00000000 52918.49211687684483252 0.10000 7 
 fake.rf 1440.00000000 52932.46713053417046169 0.10000 7 
 fake.rf 1440.00000000 52946.06982636994382929 0.10000 7 
 fake.rf 1440.00000000 52960.30557393456520998 0.10000 7 
 fake.rf 1440.00000000 52973.93383078146297649 0.10000 7 
 fake.rf 1440.00000000 52987.85345896565445756 0.10000 7 
 fake.rf 1440.00000000 53002.34138624762583802 0.10000 7 
