FORMAT 1
MODE 1
 fake.rf 1440.00000000 50000.04284396136954527 0.10000 7 
 fake.rf 1440.00000000 50014.07085751479460001 0.10000 7 
 fake.rf 1440.00000000 50028.36997451377590451 0.10000 7 
 fake.rf 1440.00000000 50042.14240455159445276 0.10000 7 
 fake.rf 1440.00000000 50056.39394808730666853 0.10000 7 
 fake.rf 1440.00000000 50070.46811892715008341 0.10000 7 
 fake.rf 1440.00000000 50083.98260716860299979 0.10000 7 
 fake.rf 1440.00000000 50098.14246056753496106 0.10000 7 
 fake.rf 1440.00000000 50112.01388965915806395 0.10000 7 
 fake.rf 1440.00000000 50125.70884920899647241 0.10000 7 
 fake.rf 1440.00000000 50140.09909475241976651 0.10000 7 
 fake.rf 1440.00000000 50153.96551443615921784 0.10000 7 
 fake.rf 1440.00000000 50168.00821436715066071 0.10000 7 
 fake.rf 1440.00000000 50181.56173022655083571 0.10000 7 
 fake.rf 1440.00000000 50195.60711648778286786 0.10000 7 
 fake.rf 1440.00000000 50209.50508022453804813 0.10000 7 
 fake.rf 1440.00000000 50223.73928672606136914 0.10000 7 
 fake.rf 1440.00000000 50237.48790638241643336 0.10000 7 
 fake.rf 1440.00000000 50251.51528111236368090 0.10000 7 
 fake.rf 1440.00000000 50265.67638530708126154 0.10000 7 
 fake.rf 1440.00000000 50279.56404075339203885 0.10000 7 
 fake.rf 1440.00000000 50293.80940404891317286 0.10000 7 
 fake.rf 1440.00000000 50307.31868872987131169 0.10000 7 
 fake.rf 1440.00000000 50321.42237898274948193 0.10000 7 
 fake.rf 1440.00000000 50335.54747488114789888 0.10000 7 
 fake.rf 1440.00000000 50349.11809363326302602 0.10000 7 
 fake.rf 1440.00000000 50363.10628087239829398 0.10000 7 
 fake.rf 1440.00000000 50377.08170456090982725 0.10000 7 
 fake.rf 1440.00000000 50391.02618132178634269 0.10000 7 
 fake.rf 1440.00000000 50404.95983888795924699 0.10000 7 
 fake.rf 1440.00000000 50419.13631613387251917 0.10000 7 
 fake.rf 1440.00000000 50432.95046342512735649 0.10000 7 
 fake.rf 1440.00000000 50446.95036065804561787 0.10000 7 
 fake.rf 1440.00000000 50460.79751427988428247 0.10000 7 
 fake.rf 1440.00000000 50475.08898431214027624 0.10000 7 
 fake.rf 1440.00000000 50488.71198446599668586 0.10000 7 
 fake.rf 1440.00000000 50502.67153499597452182 0.10000 7 
 fake.rf 1440.00000000 50517.18238596573648636 0.10000 7 
 fake.rf 1440.00000000 50531.00346564609447952 0.10000 7 
 fake.rf 1440.00000000 50544.87267136415728430 0.10000 7 
 fake.rf 1440.00000000 50559.11670794991690059 0.10000 7 
 fake.rf 1440.00000000 50572.69959252439457487 0.10000 7 
 fake.rf 1440.00000000 50586.47344397984007358 0.10000 7 
 fake.rf 1440.00000000 50600.79840659241178713 0.10000 7 
 fake.rf 1440.00000000 50614.63969976006393026 0.10000 7 
 fake.rf 1440.00000000 50628.49716358133015959 0.10000 7 
 fake.rf 1440.00000000 50642.75831593039137601 0.10000 7 
 fake.rf 1440.00000000 50656.87204170711856932 0.10000 7 
 fake.rf 1440.00000000 50670.51635123714067532 0.10000 7 
 fake.rf 1440.00000000 50684.17643769526176811 0.10000 7 
 fake.rf 1440.00000000 50698.48949372737496688 0.10000 7 
 fake.rf 1440.00000000 50712.05968475657208927 0.10000 7 
 fake.rf 1440.00000000 50726.67002726451896422 0.10000 7 
 fake.rf 1440.00000000 50740.53059406402284637 0.10000 7 
 fake.rf 1440.00000000 50754.24270139201037111 0.10000 7 
 fake.rf 1440.00000000 50768.34969918266146394 0.10000 7 
 fake.rf 1440.00000000 50782.48577747882820432 0.10000 7 
 fake.rf 1440.00000000 50796.22429812649666658 0.10000 7 
 fake.rf 1440.00000000 50810.34494571416807318 0.10000 7 
 fake.rf 1440.00000000 50823.79706015394670970 0.10000 7 
 fake.rf 1440.00000000 50838.17413107606900624 0.10000 7 
 fake.rf 1440.00000000 50851.84281532661753999 0.10000 7 
 fake.rf 1440.00000000 50865.81396975048147624 0.10000 7 
 fake.rf 1440.00000000 50880.22916401366472883 0.10000 7 
 fake.rf 1440.00000000 50893.78322794694289755 0.10000 7 
 fake.rf 1440.00000000 50908.08407839165455755 0.10000 7 
 fake.rf 1440.00000000 50921.49383222894799061 0.10000 7 
 fake.rf 1440.00000000 50935.71233948089102128 0.10000 7 
 fake.rf 1440.00000000 50949.89560030820883441 0.10000 7 
 fake.rf 1440.00000000 50963.83132653739574991 0.10000 7 
 fake.rf 1440.00000000 50977.95726552755695238 0.10000 7 
 fake.rf 1440.00000000 50991.75612240886416870 0.10000 7 
 fake.rf 1440.00000000 51005.31295926035699040 0.10000 7 
 fake.rf 1440.00000000 51019.25097578430318990 0.10000 7 
 fake.rf 1440.00000000 51033.41302128583754438 0.10000 7 
 fake.rf 1440.00000000 51047.51604408396532975 0.10000 7 
 fake.rf 1440.00000000 51061.34975052314898392 0.10000 7 
 fake.rf 1440.00000000 51075.14450775422748308 0.10000 7 
 fake.rf 1440.00000000 51089.39948235843645818 0.10000 7 
 fake.rf 1440.00000000 51103.58239103088343569 0.10000 7 
 fake.rf 1440.00000000 51117.07546081881842426 0.10000 7 
 fake.rf 1440.00000000 51131.01505087921135129 0.10000 7 
 fake.rf 1440.00000000 51145.47304327543082891 0.10000 7 
 fake.rf 1440.00000000 51158.94801499796625066 0.10000 7 
 fake.rf 1440.00000000 51173.45306462984768103 0.10000 7 
 fake.rf 1440.00000000 51186.99472377406268464 0.10000 7 
 fake.rf 1440.00000000 51201.28158600087466112 0.10000 7 
 fake.rf 1440.00000000 51215.29427331235443788 0.10000 7 
 fake.rf 1440.00000000 51229.27934583289664161 0.10000 7 
 fake.rf 1440.00000000 51243.05841502346442340 0.10000 7 
 fake.rf 1440.00000000 51257.22810952621035341 0.10000 7 
 fake.rf 1440.00000000 51270.96181234853371578 0.10000 7 
 fake.rf 1440.00000000 51285.11445856187290104 0.10000 7 
 fake.rf 1440.00000000 51298.62686686517788814 0.10000 7 
 fake.rf 1440.00000000 51312.81399004194689795 0.10000 7 
 fake.rf 1440.00000000 51326.55892621036025503 0.10000 7 
 fake.rf 1440.00000000 51340.41041107714188740 0.10000 7 
 fake.rf 1440.00000000 51354.71218080141331441 0.10000 7 
 fake.rf 1440.00000000 51368.71385030916464487 0.10000 7 
 fake.rf 1440.00000000 51382.78682203202455270 0.10000 7 
 fake.rf 1440.00000000 51396.39587739652861131 0.10000 7 
 fake.rf 1440.00000000 51410.56171196963460091 0.10000 7 
 fake.rf 1440.00000000 51424.47176661574252421 0.10000 7 
 fake.rf 1440.00000000 51438.34255161853267069 0.10000 7 
 fake.rf 1440.00000000 51452.48462875481715173 0.10000 7 
 fake.rf 1440.00000000 51466.59495493294197388 0.10000 7 
 fake.rf 1440.00000000 51480.60698886388773587 0.10000 7 
 fake.rf 1440.00000000 51493.95433178007960251 0.10000 7 
 fake.rf 1440.00000000 51507.89764128104809870 0.10000 7 
 fake.rf 1440.00000000 51522.20287586487707898 0.10000 7 
 fake.rf 1440.00000000 51536.43802017880329203 0.10000 7 
 fake.rf 1440.00000000 51549.91262555653894495 0.10000 7 
 fake.rf 1440.00000000 51564.19567627421099232 0.10000 7 
 fake.rf 1440.00000000 51578.26037240291454111 0.10000 7 
 fake.rf 1440.00000000 51591.91484217599594331 0.10000 7 
 fake.rf 1440.00000000 51606.07450197540214276 0.10000 7 
 fake.rf 1440.00000000 51619.71908332208034054 0.10000 7 
 fake.rf 1440.00000000 51633.69864137977426211 0.10000 7 
 fake.rf 1440.00000000 51647.90921453538671315 0.10000 7 
 fake.rf 1440.00000000 51661.57709445945115334 0.10000 7 
 fake.rf 1440.00000000 51676.04061447533425522 0.10000 7 
 fake.rf 1440.00000000 51689.79244154894758267 0.10000 7 
 fake.rf 1440.00000000 51703.89891702351662062 0.10000 7 
 fake.rf 1440.00000000 51717.88664260477457546 0.10000 7 
 fake.rf 1440.00000000 51731.85577066936906832 0.10000 7 
 fake.rf 1440.00000000 51745.52092871835658627 0.10000 7 
 fake.rf 1440.00000000 51759.29181664983105549 0.10000 7 
 fake.rf 1440.00000000 51773.15065560909564724 0.10000 7 
 fake.rf 1440.00000000 51787.15580948391133376 0.10000 7 
 fake.rf 1440.00000000 51801.63325959972583590 0.10000 7 
 fake.rf 1440.00000000 51815.60329634579781555 0.10000 7 
 fake.rf 1440.00000000 51829.25573165007465093 0.10000 7 
 fake.rf 1440.00000000 51843.27057573189281925 0.10000 7 
 fake.rf 1440.00000000 51857.18889321296398265 0.10000 7 
 fake.rf 1440.00000000 51871.41700626473012292 0.10000 7 
 fake.rf 1440.00000000 51884.94548680387548245 0.10000 7 
 fake.rf 1440.00000000 51899.01235665168831090 0.10000 7 
 fake.rf 1440.00000000 51913.29072959816848609 0.10000 7 
 fake.rf 1440.00000000 51926.87144581817976530 0.10000 7 
 fake.rf 1440.00000000 51940.91985122081950621 0.10000 7 
 fake.rf 1440.00000000 51954.87501823490622144 0.10000 7 
 fake.rf 1440.00000000 51968.72910479876439993 0.10000 7 
 fake.rf 1440.00000000 51982.95700827382263753 0.10000 7 
 fake.rf 1440.00000000 51996.56678545188234253 0.10000 7 
 fake.rf 1440.00000000 52010.52379420857533177 0.10000 7 
 fake.rf 1440.00000000 52025.11106018099041037 0.10000 7 
 fake.rf 1440.00000000 52038.91872317152300198 0.10000 7 
 fake.rf 1440.00000000 52052.55853934868041222 0.10000 7 
 fake.rf 1440.00000000 52066.49692284058612302 0.10000 7 
 fake.rf 1440.00000000 52080.55338507593681641 0.10000 7 
 fake.rf 1440.00000000 52094.56597384118612837 0.10000 7 
 fake.rf 1440.00000000 52108.33943677249642334 0.10000 7 
 fake.rf 1440.00000000 52122.85261879310501598 0.10000 7 
 fake.rf 1440.00000000 52136.34324242507107527 0.10000 7 
 fake.rf 1440.00000000 52150.14265702171419292 0.10000 7 
 fake.rf 1440.00000000 52164.66319320789078517 0.10000 7 
 fake.rf 1440.00000000 52178.52386764317365930 0.10000 7 
 fake.rf 1440.00000000 52192.13239620103573557 0.10000 7 
 fake.rf 1440.00000000 52206.54999737199014120 0.10000 7 
 fake.rf 1440.00000000 52220.45405173952718769 0.10000 7 
 fake.rf 1440.00000000 52233.91158981042447706 0.10000 7 
 fake.rf 1440.00000000 52248.33745382814878511 0.10000 7 
 fake.rf 1440.00000000 52261.93216961333881088 0.10000 7 
 fake.rf 1440.00000000 52276.10944443380908453 0.10000 7 
 fake.rf 1440.00000000 52289.82518538678781184 0.10000 7 
 fake.rf 1440.00000000 52304.35290690647332212 0.10000 7 
 fake.rf 1440.00000000 52318.09688836138298740 0.10000 7 
 fake.rf 1440.00000000 52331.91772517917805274 0.10000 7 
 fake.rf 1440.00000000 52346.09537908824962571 0.10000 7 
 fake.rf 1440.00000000 52360.12496950673111229 0.10000 7 
 fake.rf 1440.00000000 52374.03243781072533025 0.10000 7 
 fake.rf 1440.00000000 52387.53681812196728274 0.10000 7 
 fake.rf 1440.00000000 52401.45872119442355341 0.10000 7 
 fake.rf 1440.00000000 52415.63231897385848868 0.10000 7 
 fake.rf 1440.00000000 52429.45136915904658892 0.10000 7 
 fake.rf 1440.00000000 52443.36850713359360299 0.10000 7 
 fake.rf 1440.00000000 52457.50093025414818371 0.10000 7 
 fake.rf 1440.00000000 52471.83253618325538170 0.10000 7 
 fake.rf 1440.00000000 52485.42771638744419960 0.10000 7 
 fake.rf 1440.00000000 52499.53674905525584293 0.10000 7 
 fake.rf 1440.00000000 52513.29637665768820654 0.10000 7 
 fake.rf 1440.00000000 52527.60903838124378495 0.10000 7 
 fake.rf 1440.00000000 52541.52976000390745881 0.10000 7 
 fake.rf 1440.00000000 52555.17412897872388200 0.10000 7 
 fake.rf 1440.00000000 52569.01564048220960146 0.10000 7 
 fake.rf 1440.00000000 52583.44066940692261269 0.10000 7 
 fake.rf 1440.00000000 52596.97713396532940422 0.10000 7 
 fake.rf 1440.00000000 52611.38421260182772698 0.10000 7 
 fake.rf 1440.00000000 52625.45599614479527872 0.10000 7 
 fake.rf 1440.00000000 52638.78162130995654167 0.10000 7 
 fake.rf 1440.00000000 52653.13098041286333029 0.10000 7 
 fake.rf 1440.00000000 52667.36519474166758314 0.10000 7 
 fake.rf 1440.00000000 52681.15490997030556031 0.10000 7 
 fake.rf 1440.00000000 52695.13721094609070050 0.10000 7 
 fake.rf 1440.00000000 52708.92025947284951926 0.10000 7 
 fake.rf 1440.00000000 52723.13060843828765911 0.10000 7 
 fake.rf 1440.00000000 52737.01219025585642797 0.10000 7 
 fake.rf 1440.00000000 52750.57744635967732805 0.10000 7 
 fake.rf 1440.00000000 52764.64685821962689261 0.10000 7 
 fake.rf 1440.00000000 52778.74432004017515396 0.10000 7 
 fake.rf 1440.00000000 52792.37739258124967989 0.10000 7 
 fake.rf 1440.00000000 52806.39249873781476197 0.10000 7 
 fake.rf 1440.00000000 52820.69923362410003165 0.10000 7 
 fake.rf 1440.00000000 52834.29243534810272465 0.10000 7 
 fake.rf 1440.00000000 52848.51936537066417898 0.10000 7 
 fake.rf 1440.00000000 52862.68337648243059235 0.10000 7 
 fake.rf 1440.00000000 52876.23194220823187806 0.10000 7 
 fake.rf 1440.00000000 52890.62952148930486018 0.10000 7 
 fake.rf 1440.00000000 52904.49669795873691669 0.10000 7 
 fake.rf 1440.00000000 52918.34533660791434073 0.10000 7 
 fake.rf 1440.00000000 52932.22350791783544466 0.10000 7 
 fake.rf 1440.00000000 52946.55520469785282955 0.10000 7 
 fake.rf 1440.00000000 52960.08806444682597103 0.10000 7 
 fake.rf 1440.00000000 52973.92518346371888427 0.10000 7 
 fake.rf 1440.00000000 52987.93947528828897120 0.10000 7 
 fake.rf 1440.00000000 53002.01873931749265978 0.10000 7 
