FORMAT 1
MODE 1
 fake.rf 1440.00000000 50000.14320556803638240 0.10000 7 
 fake.rf 1440.00000000 50014.25536536805355325 0.10000 7 
 fake.rf 1440.00000000 50028.27423522480249929 0.10000 7 
 fake.rf 1440.00000000 50042.28554471415068505 0.10000 7 
 fake.rf 1440.00000000 50056.13962828218017265 0.10000 7 
 fake.rf 1440.00000000 50070.01142776214844687 0.10000 7 
 fake.rf 1440.00000000 50083.81636547774598966 0.10000 7 
 fake.rf 1440.00000000 50098.25059643114929742 0.10000 7 
 fake.rf 1440.00000000 50111.74561378368710862 0.10000 7 
 fake.rf 1440.00000000 50125.76660730788574938 0.10000 7 
 fake.rf 1440.00000000 50139.89314866734866527 0.10000 7 
 fake.rf 1440.00000000 50153.61472181795293679 0.10000 7 
 fake.rf 1440.00000000 50167.71516802832704940 0.10000 7 
 fake.rf 1440.00000000 50181.85960752797678808 0.10000 7 
 fake.rf 1440.00000000 50195.85671450708663244 0.10000 7 
 fake.rf 1440.00000000 50209.97373412858247121 0.10000 7 
 fake.rf 1440.00000000 50223.63702704540055421 0.10000 7 
 fake.rf 1440.00000000 50237.38810096387427606 0.10000 7 
 fake.rf 1440.00000000 50251.51666778717099149 0.10000 7 
 fake.rf 1440.00000000 50265.54281757898060334 0.10000 7 
 fake.rf 1440.00000000 50279.61453810852832547 0.10000 7 
 fake.rf 1440.00000000 50293.76657929926241408 0.10000 7 
 fake.rf 1440.00000000 50307.60132771233065796 0.10000 7 
 fake.rf 1440.00000000 50321.21564841613287911 0.10000 7 
 fake.rf 1440.00000000 50335.45671624889957130 0.10000 7 
 fake.rf 1440.00000000 50349.30470445025011728 0.10000 7 
 fake.rf 1440.00000000 50363.22661371913007855 0.10000 7 
 fake.rf 1440.00000000 50377.07498851670769113 0.10000 7 
 fake.rf 1440.00000000 50391.25612631948148845 0.10000 7 
 fake.rf 1440.00000000 50405.13588980131673978 0.10000 7 
 fake.rf 1440.00000000 50419.51041799272837807 0.10000 7 
 fake.rf 1440.00000000 50433.26029711750823736 0.10000 7 
 fake.rf 1440.00000000 50447.29044648234929937 0.10000 7 
 fake.rf 1440.00000000 50461.05540390444436838 0.10000 7 
 fake.rf 1440.00000000 50474.85481861123668068 0.10000 7 
 fake.rf 1440.00000000 50488.77727758236901323 0.10000 7 
 fake.rf 1440.00000000 50503.11892724194812843 0.10000 7 
 fake.rf 1440.00000000 50516.76150571814553913 0.10000 7 
 fake.rf 1440.00000000 50531.15642171077517375 0.10000 7 
 fake.rf 1440.00000000 50545.03131479519169389 0.10000 7 
 fake.rf 1440.00000000 50558.73311286691808775 0.10000 7 
 fake.rf 1440.00000000 50572.62612960638734094 0.10000 7 
 fake.rf 1440.00000000 50586.92748859563747388 0.10000 7 
 fake.rf 1440.00000000 50600.76795892159351453 0.10000 7 
 fake.rf 1440.00000000 50614.84364123819496584 0.10000 7 
 fake.rf 1440.00000000 50628.51366658538233168 0.10000 7 
 fake.rf 1440.00000000 50642.50938260536361213 0.10000 7 
 fake.rf 1440.00000000 50656.28658391896646762 0.10000 7 
 fake.rf 1440.00000000 50670.41257592453450442 0.10000 7 
 fake.rf 1440.00000000 50684.57508481661383470 0.10000 7 
 fake.rf 1440.00000000 50698.41666198924224318 0.10000 7 
 fake.rf 1440.00000000 50712.65260059857847352 0.10000 7 
 fake.rf 1440.00000000 50726.33871008963611970 0.10000 7 
 fake.rf 1440.00000000 50740.05326173303079074 0.10000 7 
 fake.rf 1440.00000000 50754.60841378219429743 0.10000 7 
 fake.rf 1440.00000000 50768.57381717274693500 0.10000 7 
 fake.rf 1440.00000000 50782.17458308042085235 0.10000 7 
 fake.rf 1440.00000000 50796.02320380162651503 0.10000 7 
 fake.rf 1440.00000000 50809.87520804213712466 0.10000 7 
 fake.rf 1440.00000000 50824.36200448568203214 0.10000 7 
 fake.rf 1440.00000000 50838.12861476618205714 0.10000 7 
 fake.rf 1440.00000000 50851.72670659208986876 0.10000 7 
 fake.rf 1440.00000000 50866.00160824362168555 0.10000 7 
 fake.rf 1440.00000000 50879.83659394646819507 0.10000 7 
 fake.rf 1440.00000000 50893.90453594180812757 0.10000 7 
 fake.rf 1440.00000000 50908.01707834954435583 0.10000 7 
 fake.rf 1440.00000000 50921.81274908092805020 0.10000 7 
 fake.rf 1440.00000000 50935.59390014129715496 0.10000 7 
 fake.rf 1440.00000000 50950.05391376464601194 0.10000 7 
 fake.rf 1440.00000000 50963.61605989454114152 0.10000 7 
 fake.rf 1440.00000000 50977.97699676813367731 0.10000 7 
 fake.rf 1440.00000000 50991.51036786087639285 0.10000 7 
 fake.rf 1440.00000000 51005.67042346783417273 0.10000 7 
 fake.rf 1440.00000000 51019.70427871276250187 0.10000 7 
 fake.rf 1440.00000000 51033.78301289421710862 0.10000 7 
 fake.rf 1440.00000000 51047.39031020292527074 0.10000 7 
 fake.rf 1440.00000000 51061.13241687534276281 0.10000 7 
 fake.rf 1440.00000000 51075.24509312825691865 0.10000 7 
 fake.rf 1440.00000000 51089.33448447622053834 0.10000 7 
 fake.rf 1440.00000000 51103.24080921966611157 0.10000 7 
 fake.rf 1440.00000000 51117.55422045769449824 0.10000 7 
 fake.rf 1440.00000000 51131.52341503246739762 0.10000 7 
 fake.rf 1440.00000000 51145.03723779099377467 0.10000 7 
 fake.rf 1440.00000000 51159.07498455745106369 0.10000 7 
 fake.rf 1440.00000000 51173.46362351733515439 0.10000 7 
 fake.rf 1440.00000000 51186.90415774080504008 0.10000 7 
 fake.rf 1440.00000000 51200.94553396005872159 0.10000 7 
 fake.rf 1440.00000000 51214.97316488552686309 0.10000 7 
 fake.rf 1440.00000000 51228.96721255074873014 0.10000 7 
 fake.rf 1440.00000000 51242.89881909010754413 0.10000 7 
 fake.rf 1440.00000000 51256.78480586836819555 0.10000 7 
 fake.rf 1440.00000000 51270.58368988260546573 0.10000 7 
 fake.rf 1440.00000000 51284.81828099666305221 0.10000 7 
 fake.rf 1440.00000000 51299.01739548460769313 0.10000 7 
 fake.rf 1440.00000000 51312.68949125140193956 0.10000 7 
 fake.rf 1440.00000000 51327.03025041040834253 0.10000 7 
 fake.rf 1440.00000000 51340.71346672800393662 0.10000 7 
 fake.rf 1440.00000000 51354.88612597347212230 0.10000 7 
 fake.rf 1440.00000000 51368.37959558751468236 0.10000 7 
 fake.rf 1440.00000000 51382.56105157548572748 0.10000 7 
 fake.rf 1440.00000000 51396.33408302973244020 0.10000 7 
 fake.rf 1440.00000000 51410.22671558203252218 0.10000 7 
 fake.rf 1440.00000000 51424.64643541370494972 0.10000 7 
 fake.rf 1440.00000000 51438.61774851480813453 0.10000 7 
 fake.rf 1440.00000000 51452.58246239376820341 0.10000 7 
 fake.rf 1440.00000000 51466.45247579321496545 0.10000 7 
 fake.rf 1440.00000000 51480.06931228515654553 0.10000 7 
 fake.rf 1440.00000000 51494.48102554260745123 0.10000 7 
 fake.rf 1440.00000000 51508.50194128738271715 0.10000 7 
 fake.rf 1440.00000000 51522.24639519123544673 0.10000 7 
 fake.rf 1440.00000000 51535.93599258363146731 0.10000 7 
 fake.rf 1440.00000000 51550.30854562808270813 0.10000 7 
 fake.rf 1440.00000000 51564.06042017102915409 0.10000 7 
 fake.rf 1440.00000000 51577.96873306010840210 0.10000 7 
 fake.rf 1440.00000000 51591.75059227291162500 0.10000 7 
 fake.rf 1440.00000000 51605.92933184793049861 0.10000 7 
 fake.rf 1440.00000000 51619.98307169492494140 0.10000 7 
 fake.rf 1440.00000000 51633.84453320074765514 0.10000 7 
 fake.rf 1440.00000000 51648.08912975093775444 0.10000 7 
 fake.rf 1440.00000000 51661.50847666690914650 0.10000 7 
 fake.rf 1440.00000000 51676.00643745549120567 0.10000 7 
 fake.rf 1440.00000000 51689.50858018811436878 0.10000 7 
 fake.rf 1440.00000000 51703.43170385652770449 0.10000 7 
 fake.rf 1440.00000000 51717.53581512723777180 0.10000 7 
 fake.rf 1440.00000000 51731.94196508972356341 0.10000 7 
 fake.rf 1440.00000000 51745.57541059031727571 0.10000 7 
 fake.rf 1440.00000000 51759.39184042389529949 0.10000 7 
 fake.rf 1440.00000000 51773.51943276500158575 0.10000 7 
 fake.rf 1440.00000000 51787.36376358693596700 0.10000 7 
 fake.rf 1440.00000000 51801.37855577106724425 0.10000 7 
 fake.rf 1440.00000000 51815.05916351325603841 0.10000 7 
 fake.rf 1440.00000000 51829.38141849901504798 0.10000 7 
 fake.rf 1440.00000000 51843.32706930091541864 0.10000 7 
 fake.rf 1440.00000000 51857.46562293756975492 0.10000 7 
 fake.rf 1440.00000000 51871.13075043749661219 0.10000 7 
 fake.rf 1440.00000000 51885.07934117355002357 0.10000 7 
 fake.rf 1440.00000000 51899.12613427447532288 0.10000 7 
 fake.rf 1440.00000000 51913.11299099985155436 0.10000 7 
 fake.rf 1440.00000000 51926.84485440918109589 0.10000 7 
 fake.rf 1440.00000000 51940.95078931765621633 0.10000 7 
 fake.rf 1440.00000000 51954.72032600279715808 0.10000 7 
 fake.rf 1440.00000000 51968.84667954537255952 0.10000 7 
 fake.rf 1440.00000000 51982.69672690049651109 0.10000 7 
 fake.rf 1440.00000000 51996.92303086626030506 0.10000 7 
 fake.rf 1440.00000000 52010.99592337357909599 0.10000 7 
 fake.rf 1440.00000000 52024.66605599409743022 0.10000 7 
 fake.rf 1440.00000000 52039.10932559682333576 0.10000 7 
 fake.rf 1440.00000000 52052.60751735478328328 0.10000 7 
 fake.rf 1440.00000000 52066.84400419978209840 0.10000 7 
 fake.rf 1440.00000000 52080.90342975973831585 0.10000 7 
 fake.rf 1440.00000000 52094.52586118077294230 0.10000 7 
 fake.rf 1440.00000000 52108.63186819817344642 0.10000 7 
 fake.rf 1440.00000000 52122.23166257166069215 0.10000 7 
 fake.rf 1440.00000000 52136.48211037300669446 0.10000 7 
 fake.rf 1440.00000000 52150.73045473439816533 0.10000 7 
 fake.rf 1440.00000000 52164.10795848277073361 0.10000 7 
 fake.rf 1440.00000000 52178.69674451361050416 0.10000 7 
 fake.rf 1440.00000000 52192.13307811302053807 0.10000 7 
 fake.rf 1440.00000000 52206.34306693132539934 0.10000 7 
 fake.rf 1440.00000000 52220.14774319031534233 0.10000 7 
 fake.rf 1440.00000000 52234.30376170973806182 0.10000 7 
 fake.rf 1440.00000000 52248.23258431761204790 0.10000 7 
 fake.rf 1440.00000000 52262.39774163329800061 0.10000 7 
 fake.rf 1440.00000000 52275.87097035790303678 0.10000 7 
 fake.rf 1440.00000000 52289.97657267865150388 0.10000 7 
 fake.rf 1440.00000000 52303.84508353971205352 0.10000 7 
 fake.rf 1440.00000000 52317.97179573594327096 0.10000 7 
 fake.rf 1440.00000000 52332.16241723155284049 0.10000 7 
 fake.rf 1440.00000000 52346.05601089009748961 0.10000 7 
 fake.rf 1440.00000000 52359.95281255597602055 0.10000 7 
 fake.rf 1440.00000000 52373.62092836781691219 0.10000 7 
 fake.rf 1440.00000000 52387.98895144566564142 0.10000 7 
 fake.rf 1440.00000000 52402.05033272039585412 0.10000 7 
 fake.rf 1440.00000000 52415.60672195114610972 0.10000 7 
 fake.rf 1440.00000000 52429.57260838615443177 0.10000 7 
 fake.rf 1440.00000000 52443.74510823225213585 0.10000 7 
 fake.rf 1440.00000000 52457.67652281888098642 0.10000 7 
 fake.rf 1440.00000000 52471.45723827062090550 0.10000 7 
 fake.rf 1440.00000000 52485.83282260112119744 0.10000 7 
 fake.rf 1440.00000000 52499.37228342782738721 0.10000 7 
 fake.rf 1440.00000000 52513.25065050647961939 0.10000 7 
 fake.rf 1440.00000000 52527.28689233205864895 0.10000 7 
 fake.rf 1440.00000000 52541.63725291432767150 0.10000 7 
 fake.rf 1440.00000000 52555.15364042857575200 0.10000 7 
 fake.rf 1440.00000000 52569.47855611843719004 0.10000 7 
 fake.rf 1440.00000000 52583.44882046357703942 0.10000 7 
 fake.rf 1440.00000000 52597.04760445775657018 0.10000 7 
 fake.rf 1440.00000000 52611.33286557483208412 0.10000 7 
 fake.rf 1440.00000000 52625.44435626045866883 0.10000 7 
 fake.rf 1440.00000000 52639.29135513273786984 0.10000 7 
 fake.rf 1440.00000000 52653.41951857239941148 0.10000 7 
 fake.rf 1440.00000000 52667.05858716457148816 0.10000 7 
 fake.rf 1440.00000000 52680.87263472125087915 0.10000 7 
 fake.rf 1440.00000000 52695.20418155429170071 0.10000 7 
 fake.rf 1440.00000000 52709.02137159552172463 0.10000 7 
 fake.rf 1440.00000000 52722.97924754962133775 0.10000 7 
 fake.rf 1440.00000000 52736.55086462772442601 0.10000 7 
 fake.rf 1440.00000000 52750.53299295185660256 0.10000 7 
 fake.rf 1440.00000000 52764.71971646042468507 0.10000 7 
 fake.rf 1440.00000000 52778.88981995187752005 0.10000 7 
 fake.rf 1440.00000000 52792.80697599389663210 0.10000 7 
 fake.rf 1440.00000000 52806.70004137360135843 0.10000 7 
 fake.rf 1440.00000000 52820.60972733540856083 0.10000 7 
 fake.rf 1440.00000000 52834.62649071132258882 0.10000 7 
 fake.rf 1440.00000000 52848.78083805511297300 0.10000 7 
 fake.rf 1440.00000000 52862.69463653616103826 0.10000 7 
 fake.rf 1440.00000000 52876.25545917085807446 0.10000 7 
 fake.rf 1440.00000000 52890.37944715217811975 0.10000 7 
 fake.rf 1440.00000000 52904.11218714515620576 0.10000 7 
 fake.rf 1440.00000000 52918.08682017580922619 0.10000 7 
 fake.rf 1440.00000000 52932.45516172168847291 0.10000 7 
 fake.rf 1440.00000000 52946.10449486591034329 0.10000 7 
 fake.rf 1440.00000000 52960.15359577069478192 0.10000 7 
 fake.rf 1440.00000000 52974.24385730250297755 0.10000 7 
 fake.rf 1440.00000000 52988.11447070880566201 0.10000 7 
 fake.rf 1440.00000000 53001.86004669894364483 0.10000 7 
