FORMAT 1
MODE 1
 fake.rf 1440.00000000 50000.22661646199860641 0.10000 7 
 fake.rf 1440.00000000 50014.40090660572379377 0.10000 7 
 fake.rf 1440.00000000 50028.46996975404846708 0.10000 7 
 fake.rf 1440.00000000 50042.05177181450694945 0.10000 7 
 fake.rf 1440.00000000 50056.11128684070538242 0.10000 7 
 fake.rf 1440.00000000 50070.34673955339094675 0.10000 7 
 fake.rf 1440.00000000 50084.27250290887831596 0.10000 7 
 fake.rf 1440.00000000 50098.18429159796226458 0.10000 7 
 fake.rf 1440.00000000 50112.12285053955767822 0.10000 7 
 fake.rf 1440.00000000 50125.90403000101358444 0.10000 7 
 fake.rf 1440.00000000 50139.81192066475183822 0.10000 7 
 fake.rf 1440.00000000 50154.02698939662105104 0.10000 7 
 fake.rf 1440.00000000 50167.82852326978305157 0.10000 7 
 fake.rf 1440.00000000 50181.96136355973162324 0.10000 7 
 fake.rf 1440.00000000 50195.71809518800747796 0.10000 7 
 fake.rf 1440.00000000 50209.47501113391055227 0.10000 7 
 fake.rf 1440.00000000 50223.53914287015689055 0.10000 7 
 fake.rf 1440.00000000 50237.91045317798999292 0.10000 7 
 fake.rf 1440.00000000 50251.72235855794165715 0.10000 7 
 fake.rf 1440.00000000 50265.31239708024309465 0.10000 7 
 fake.rf 1440.00000000 50279.63573192406934709 0.10000 7 
 fake.rf 1440.00000000 50293.71335271828449009 0.10000 7 
 fake.rf 1440.00000000 50307.46560523731553971 0.10000 7 
 fake.rf 1440.00000000 50321.55990613817510138 0.10000 7 
 fake.rf 1440.00000000 50335.65038599690265642 0.10000 7 
 fake.rf 1440.00000000 50349.14253950464073739 0.10000 7 
 fake.rf 1440.00000000 50363.59106628029762476 0.10000 7 
 fake.rf 1440.00000000 50377.10220645855010346 0.10000 7 
 fake.rf 1440.00000000 50391.38951420890183286 0.10000 7 
 fake.rf 1440.00000000 50405.08021378890100195 0.10000 7 
 fake.rf 1440.00000000 50419.04182270134986510 0.10000 7 
 fake.rf 1440.00000000 50433.46610842137202368 0.10000 7 
 fake.rf 1440.00000000 50447.36932421551251338 0.10000 7 
 fake.rf 1440.00000000 50461.43822236147634541 0.10000 7 
 fake.rf 1440.00000000 50474.81586949925998908 0.10000 7 
 fake.rf 1440.00000000 50488.81682648341346820 0.10000 7 
 fake.rf 1440.00000000 50503.15940338858700187 0.10000 7 
 fake.rf 1440.00000000 50517.16770658854907339 0.10000 7 
 fake.rf 1440.00000000 50531.11867829273909791 0.10000 7 
 fake.rf 1440.00000000 50544.77137351111716157 0.10000 7 
 fake.rf 1440.00000000 50558.59908223773846458 0.10000 7 
 fake.rf 1440.00000000 50572.49617075229808094 0.10000 7 
 fake.rf 1440.00000000 50587.06882744979487398 0.10000 7 
 fake.rf 1440.00000000 50600.73629613563421614 0.10000 7 
 fake.rf 1440.00000000 50614.80445096497031443 0.10000 7 
 fake.rf 1440.00000000 50628.50539864542170321 0.10000 7 
 fake.rf 1440.00000000 50642.63467603337651823 0.10000 7 
 fake.rf 1440.00000000 50656.80518868329669147 0.10000 7 
 fake.rf 1440.00000000 50670.24900610226446673 0.10000 7 
 fake.rf 1440.00000000 50684.22841488199511062 0.10000 7 
 fake.rf 1440.00000000 50698.69385875335080982 0.10000 7 
 fake.rf 1440.00000000 50712.49923708874415951 0.10000 7 
 fake.rf 1440.00000000 50726.59449277544362999 0.10000 7 
 fake.rf 1440.00000000 50740.18374860223030254 0.10000 7 
 fake.rf 1440.00000000 50754.12165389797007720 0.10000 7 
 fake.rf 1440.00000000 50768.34561548057018143 0.10000 7 
 fake.rf 1440.00000000 50782.13191747912822649 0.10000 7 
 fake.rf 1440.00000000 50795.88990905949726340 0.10000 7 
 fake.rf 1440.00000000 50810.32990345164968460 0.10000 7 
 fake.rf 1440.00000000 50824.44173930992899102 0.10000 7 
 fake.rf 1440.00000000 50837.92865650245215647 0.10000 7 
 fake.rf 1440.00000000 50852.36848594342087537 0.10000 7 
 fake.rf 1440.00000000 50866.27616689197101252 0.10000 7 
 fake.rf 1440.00000000 50879.70452597940528605 0.10000 7 
 fake.rf 1440.00000000 50894.25147961404223196 0.10000 7 
 fake.rf 1440.00000000 50907.57503372556753973 0.10000 7 
 fake.rf 1440.00000000 50921.70924261580521986 0.10000 7 
 fake.rf 1440.00000000 50935.97033246687462338 0.10000 7 
 fake.rf 1440.00000000 50950.00708256002339880 0.10000 7 
 fake.rf 1440.00000000 50963.46382251661585983 0.10000 7 
 fake.rf 1440.00000000 50977.41583365618923196 0.10000 7 
 fake.rf 1440.00000000 50991.98518523358223575 0.10000 7 
 fake.rf 1440.00000000 51005.37723986467978321 0.10000 7 
 fake.rf 1440.00000000 51019.27346700490566889 0.10000 7 
 fake.rf 1440.00000000 51033.54851333626995213 0.10000 7 
 fake.rf 1440.00000000 51047.71361554531829086 0.10000 7 
 fake.rf 1440.00000000 51061.34901646450923707 0.10000 7 
 fake.rf 1440.00000000 51075.12489946383297124 0.10000 7 
 fake.rf 1440.00000000 51089.49874040424039379 0.10000 7 
 fake.rf 1440.00000000 51103.28285149189747827 0.10000 7 
 fake.rf 1440.00000000 51117.07636944348585573 0.10000 7 
 fake.rf 1440.00000000 51131.28721365589685632 0.10000 7 
 fake.rf 1440.00000000 51144.91492905382542133 0.10000 7 
 fake.rf 1440.00000000 51159.50859535495673569 0.10000 7 
 fake.rf 1440.00000000 51173.34692155741303310 0.10000 7 
 fake.rf 1440.00000000 51186.95076837331393449 0.10000 7 
 fake.rf 1440.00000000 51201.13995557852121721 0.10000 7 
 fake.rf 1440.00000000 51214.80280983957195673 0.10000 7 
 fake.rf 1440.00000000 51228.86954096048767582 0.10000 7 
 fake.rf 1440.00000000 51242.87028200546018653 0.10000 7 
 fake.rf 1440.00000000 51256.68319812950931791 0.10000 7 
 fake.rf 1440.00000000 51270.94173920129682998 0.10000 7 
 fake.rf 1440.00000000 51284.75386911205793083 0.10000 7 
 fake.rf 1440.00000000 51298.51269224557760040 0.10000 7 
 fake.rf 1440.00000000 51312.90448519604098720 0.10000 7 
 fake.rf 1440.00000000 51326.63512807254870651 0.10000 7 
 fake.rf 1440.00000000 51340.42239808959553571 0.10000 7 
 fake.rf 1440.00000000 51354.98662592560824081 0.10000 7 
 fake.rf 1440.00000000 51368.34991810308924798 0.10000 7 
 fake.rf 1440.00000000 51382.87883091924580015 0.10000 7 
 fake.rf 1440.00000000 51396.27135820058387594 0.10000 7 
 fake.rf 1440.00000000 51410.29155417976577880 0.10000 7 
 fake.rf 1440.00000000 51424.76137801794125082 0.10000 7 
 fake.rf 1440.00000000 51438.25085260949440880 0.10000 7 
 fake.rf 1440.00000000 51452.20550179788069300 0.10000 7 
 fake.rf 1440.00000000 51466.32193138143601985 0.10000 7 
 fake.rf 1440.00000000 51480.01473419006633137 0.10000 7 
 fake.rf 1440.00000000 51494.30967712779974477 0.10000 7 
 fake.rf 1440.00000000 51508.24021574626660680 0.10000 7 
 fake.rf 1440.00000000 51522.34508560289304313 0.10000 7 
 fake.rf 1440.00000000 51536.46236563697942046 0.10000 7 
 fake.rf 1440.00000000 51550.22464825573353764 0.10000 7 
 fake.rf 1440.00000000 51563.91192170783948967 0.10000 7 
 fake.rf 1440.00000000 51578.36180991792209483 0.10000 7 
 fake.rf 1440.00000000 51592.08931830814851693 0.10000 7 
 fake.rf 1440.00000000 51605.65314394230173889 0.10000 7 
 fake.rf 1440.00000000 51619.74510501401857354 0.10000 7 
 fake.rf 1440.00000000 51633.70002668007202473 0.10000 7 
 fake.rf 1440.00000000 51647.63159932686245668 0.10000 7 
 fake.rf 1440.00000000 51661.82851761889974895 0.10000 7 
 fake.rf 1440.00000000 51675.82240644123904261 0.10000 7 
 fake.rf 1440.00000000 51689.60512125233021408 0.10000 7 
 fake.rf 1440.00000000 51703.43213998677114773 0.10000 7 
 fake.rf 1440.00000000 51717.94305144649582573 0.10000 7 
 fake.rf 1440.00000000 51731.52281549710702890 0.10000 7 
 fake.rf 1440.00000000 51745.77985322537738000 0.10000 7 
 fake.rf 1440.00000000 51759.39296694954720834 0.10000 7 
 fake.rf 1440.00000000 51773.46489376136464600 0.10000 7 
 fake.rf 1440.00000000 51787.65771874895877502 0.10000 7 
 fake.rf 1440.00000000 51801.33901732349066549 0.10000 7 
 fake.rf 1440.00000000 51815.31141634319573797 0.10000 7 
 fake.rf 1440.00000000 51829.60166136791850988 0.10000 7 
 fake.rf 1440.00000000 51843.34138198981800727 0.10000 7 
 fake.rf 1440.00000000 51857.15516427604591243 0.10000 7 
 fake.rf 1440.00000000 51870.97310988047441427 0.10000 7 
 fake.rf 1440.00000000 51885.37237245178609157 0.10000 7 
 fake.rf 1440.00000000 51899.34081044875432909 0.10000 7 
 fake.rf 1440.00000000 51912.88978492067909087 0.10000 7 
 fake.rf 1440.00000000 51926.95554983093563450 0.10000 7 
 fake.rf 1440.00000000 51940.89275252843653874 0.10000 7 
 fake.rf 1440.00000000 51955.25148955087753322 0.10000 7 
 fake.rf 1440.00000000 51968.80609383615965058 0.10000 7 
 fake.rf 1440.00000000 51983.21047194495159971 0.10000 7 
 fake.rf 1440.00000000 51996.62804184817447251 0.10000 7 
 fake.rf 1440.00000000 52010.67076034442850840 0.10000 7 
 fake.rf 1440.00000000 52024.84087292513229528 0.10000 7 
 fake.rf 1440.00000000 52038.52716119810416728 0.10000 7 
 fake.rf 1440.00000000 52052.70006690530145832 0.10000 7 
 fake.rf 1440.00000000 52066.86332713660416971 0.10000 7 
 fake.rf 1440.00000000 52080.51941414006094888 0.10000 7 
 fake.rf 1440.00000000 52094.92746414721157322 0.10000 7 
 fake.rf 1440.00000000 52108.45617265336424140 0.10000 7 
 fake.rf 1440.00000000 52122.59986728641934306 0.10000 7 
 fake.rf 1440.00000000 52136.20649539233530589 0.10000 7 
 fake.rf 1440.00000000 52150.28434136888273187 0.10000 7 
 fake.rf 1440.00000000 52164.71269274916499370 0.10000 7 
 fake.rf 1440.00000000 52178.61458467774619763 0.10000 7 
 fake.rf 1440.00000000 52192.34377041996650703 0.10000 7 
 fake.rf 1440.00000000 52206.21560804643195652 0.10000 7 
 fake.rf 1440.00000000 52220.34855104151671057 0.10000 7 
 fake.rf 1440.00000000 52234.46392807892675592 0.10000 7 
 fake.rf 1440.00000000 52248.34639081846473374 0.10000 7 
 fake.rf 1440.00000000 52262.14113816762639786 0.10000 7 
 fake.rf 1440.00000000 52276.03446193297861555 0.10000 7 
 fake.rf 1440.00000000 52289.76893307937654143 0.10000 7 
 fake.rf 1440.00000000 52304.08651880917995314 0.10000 7 
 fake.rf 1440.00000000 52317.75066452802289518 0.10000 7 
 fake.rf 1440.00000000 52332.15846630791995509 0.10000 7 
 fake.rf 1440.00000000 52346.06325256131013646 0.10000 7 
 fake.rf 1440.00000000 52359.83138925149778942 0.10000 7 
 fake.rf 1440.00000000 52373.54795319513545238 0.10000 7 
 fake.rf 1440.00000000 52387.84970251289452747 0.10000 7 
 fake.rf 1440.00000000 52401.87733627938022707 0.10000 7 
 fake.rf 1440.00000000 52416.03650433662843255 0.10000 7 
 fake.rf 1440.00000000 52429.79404963798359063 0.10000 7 
 fake.rf 1440.00000000 52443.90262795321547884 0.10000 7 
 fake.rf 1440.00000000 52457.60346793667664400 0.10000 7 
 fake.rf 1440.00000000 52471.75219434552120745 0.10000 7 
 fake.rf 1440.00000000 52485.40523778265595567 0.10000 7 
 fake.rf 1440.00000000 52499.30756407019991627 0.10000 7 
 fake.rf 1440.00000000 52513.81727018180048105 0.10000 7 
 fake.rf 1440.00000000 52527.24992302013900769 0.10000 7 
 fake.rf 1440.00000000 52541.38585052732142344 0.10000 7 
 fake.rf 1440.00000000 52555.41081066345719464 0.10000 7 
 fake.rf 1440.00000000 52569.15498436159818141 0.10000 7 
 fake.rf 1440.00000000 52583.40698395762979445 0.10000 7 
 fake.rf 1440.00000000 52597.23185478062031706 0.10000 7 
 fake.rf 1440.00000000 52610.91614650840832823 0.10000 7 
 fake.rf 1440.00000000 52624.93555789966109515 0.10000 7 
 fake.rf 1440.00000000 52639.33715911022488854 0.10000 7 
 fake.rf 1440.00000000 52653.19261992657612126 0.10000 7 
 fake.rf 1440.00000000 52667.36563441316689804 0.10000 7 
 fake.rf 1440.00000000 52681.02125776502809273 0.10000 7 
 fake.rf 1440.00000000 52694.70969200374412367 0.10000 7 
 fake.rf 1440.00000000 52708.81425631612950511 0.10000 7 
 fake.rf 1440.00000000 52722.90924352687985888 0.10000 7 
 fake.rf 1440.00000000 52736.95348951671963533 0.10000 7 
 fake.rf 1440.00000000 52750.76042568854102655 0.10000 7 
 fake.rf 1440.00000000 52764.63477406124084368 0.10000 7 
 fake.rf 1440.00000000 52778.62203236825952501 0.10000 7 
 fake.rf 1440.00000000 52792.90199792289289249 0.10000 7 
 fake.rf 1440.00000000 52806.53113635700074369 0.10000 7 
 fake.rf 1440.00000000 52820.85837008515697022 0.10000 7 
 fake.rf 1440.00000000 52834.53752877299115198 0.10000 7 
 fake.rf 1440.00000000 52848.36406130699662498 0.10000 7 
 fake.rf 1440.00000000 52862.48706640958465641 0.10000 7 
 fake.rf 1440.00000000 52876.31302948555850563 0.10000 7 
 fake.rf 1440.00000000 52890.54529469561531485 0.10000 7 
 fake.rf 1440.00000000 52904.18858557518236196 0.10000 7 
 fake.rf 1440.00000000 52918.37248484059805165 0.10000 7 
 fake.rf 1440.00000000 52932.54530242542519503 0.10000 7 
 fake.rf 1440.00000000 52946.06985883783554669 0.10000 7 
 fake.rf 1440.00000000 52960.39130365506418485 0.10000 7 
 fake.rf 1440.00000000 52974.07160821607955370 0.10000 7 
 fake.rf 1440.00000000 52988.32601746407455678 0.10000 7 
 fake.rf 1440.00000000 53002.42986202020448516 0.10000 7 
