FORMAT 1
MODE 1
 fake.rf 1440.00000000 50000.67393638624321994 0.10000 7 
 fake.rf 1440.00000000 50014.12477592020759332 0.10000 7 
 fake.rf 1440.00000000 50028.61780493551730586 0.10000 7 
 fake.rf 1440.00000000 50041.97930591019139257 0.10000 7 
 fake.rf 1440.00000000 50056.53663936479984997 0.10000 7 
 fake.rf 1440.00000000 50070.25668857990154237 0.10000 7 
 fake.rf 1440.00000000 50083.82943015952216825 0.10000 7 
 fake.rf 1440.00000000 50098.08061303095572114 0.10000 7 
 fake.rf 1440.00000000 50112.19398917351544753 0.10000 7 
 fake.rf 1440.00000000 50125.90952120591339991 0.10000 7 
 fake.rf 1440.00000000 50140.29391731887326600 0.10000 7 
 fake.rf 1440.00000000 50153.82309881673261387 0.10000 7 
 fake.rf 1440.00000000 50168.05045973954856819 0.10000 7 
 fake.rf 1440.00000000 50181.68076368719293257 0.10000 7 
 fake.rf 1440.00000000 50195.90209621256177286 0.10000 7 
 fake.rf 1440.00000000 50209.78098210946843594 0.10000 7 
 fake.rf 1440.00000000 50223.74531715663228937 0.10000 7 
 fake.rf 1440.00000000 50237.66544282164325352 0.10000 7 
 fake.rf 1440.00000000 50251.92838012803773395 0.10000 7 
 fake.rf 1440.00000000 50265.75747378323341863 0.10000 7 
 fake.rf 1440.00000000 50279.83883060470627768 0.10000 7 
 fake.rf 1440.00000000 50293.29929041700035341 0.10000 7 
 fake.rf 1440.00000000 50307.39887540019271839 0.10000 7 
 fake.rf 1440.00000000 50321.82841583504312766 0.10000 7 
 fake.rf 1440.00000000 50335.51100096161644615 0.10000 7 
 fake.rf 1440.00000000 50349.15496292321088134 0.10000 7 
 fake.rf 1440.00000000 50363.14728583129805273 0.10000 7 
 fake.rf 1440.00000000 50377.18954184999390833 0.10000 7 
 fake.rf 1440.00000000 50391.21870105389769634 0.10000 7 
 fake.rf 1440.00000000 50405.50365928103266100 0.10000 7 
 fake.rf 1440.00000000 50419.02131931419728872 0.10000 7 
 fake.rf 1440.00000000 50433.05923473766361553 0.10000 7 
 fake.rf 1440.00000000 50446.83325853529854044 0.10000 7 
 fake.rf 1440.00000000 50460.88217370063130929 0.10000 7 
 fake.rf 1440.00000000 50474.98648283232790135 0.10000 7 
 fake.rf 1440.00000000 50489.35606613569938261 0.10000 7 
 fake.rf 1440.00000000 50503.16325657163346463 0.10000 7 
 fake.rf 1440.00000000 50516.87853338678110404 0.10000 7 
 fake.rf 1440.00000000 50530.87085890712663172 0.10000 7 
 fake.rf 1440.00000000 50544.82965155046009187 0.10000 7 
 fake.rf 1440.00000000 50558.96535312561264064 0.10000 7 
 fake.rf 1440.00000000 50572.71363418591367633 0.10000 7 
 fake.rf 1440.00000000 50586.90650106469355762 0.10000 7 
 fake.rf 1440.00000000 50600.64112295901494676 0.10000 7 
 fake.rf 1440.00000000 50614.72460065619478087 0.10000 7 
 fake.rf 1440.00000000 50628.51035951220518072 0.10000 7 
 fake.rf 1440.00000000 50642.82875998678002105 0.10000 7 
 fake.rf 1440.00000000 50656.91479886667401900 0.10000 7 
 fake.rf 1440.00000000 50670.65890941439241146 0.10000 7 
 fake.rf 1440.00000000 50684.61180664030210252 0.10000 7 
 fake.rf 1440.00000000 50698.56516522430926841 0.10000 7 
 fake.rf 1440.00000000 50712.42885867100888220 0.10000 7 
 fake.rf 1440.00000000 50726.54710843970770640 0.10000 7 
 fake.rf 1440.00000000 50740.63827803494979207 0.10000 7 
 fake.rf 1440.00000000 50754.30307134801975266 0.10000 7 
 fake.rf 1440.00000000 50768.14213226533184198 0.10000 7 
 fake.rf 1440.00000000 50781.91548991564493321 0.10000 7 
 fake.rf 1440.00000000 50796.27749883663574337 0.10000 7 
 fake.rf 1440.00000000 50810.19704190149106182 0.10000 7 
 fake.rf 1440.00000000 50824.03778481361798214 0.10000 7 
 fake.rf 1440.00000000 50838.05631129462658890 0.10000 7 
 fake.rf 1440.00000000 50852.19840716590211827 0.10000 7 
 fake.rf 1440.00000000 50866.11529157206450691 0.10000 7 
 fake.rf 1440.00000000 50879.94606791188338590 0.10000 7 
 fake.rf 1440.00000000 50894.17530502577694662 0.10000 7 
 fake.rf 1440.00000000 50907.56805796893614158 0.10000 7 
 fake.rf 1440.00000000 50921.80664367836789452 0.10000 7 
 fake.rf 1440.00000000 50935.88129727830940041 0.10000 7 
 fake.rf 1440.00000000 50949.69421977489361097 0.10000 7 
 fake.rf 1440.00000000 50963.96335704414294554 0.10000 7 
 fake.rf 1440.00000000 50978.03502940433716617 0.10000 7 
 fake.rf 1440.00000000 50991.35521284572186218 0.10000 7 
 fake.rf 1440.00000000 51005.41085725942218687 0.10000 7 
 fake.rf 1440.00000000 51019.71362257460601697 0.10000 7 
 fake.rf 1440.00000000 51033.47332063274449965 0.10000 7 
 fake.rf 1440.00000000 51047.65066879029124181 0.10000 7 
 fake.rf 1440.00000000 51061.77741901907612387 0.10000 7 
 fake.rf 1440.00000000 51075.22707699350392829 0.10000 7 
 fake.rf 1440.00000000 51089.52869009541722534 0.10000 7 
 fake.rf 1440.00000000 51103.43777694792639821 0.10000 7 
 fake.rf 1440.00000000 51117.54522484466129839 0.10000 7 
 fake.rf 1440.00000000 51131.17175594154134544 0.10000 7 
 fake.rf 1440.00000000 51144.98276230571460133 0.10000 7 
 fake.rf 1440.00000000 51159.24668602654564609 0.10000 7 
 fake.rf 1440.00000000 51173.00261277381565961 0.10000 7 
 fake.rf 1440.00000000 51187.18330517399981971 0.10000 7 
 fake.rf 1440.00000000 51201.32451590086210658 0.10000 7 
 fake.rf 1440.00000000 51214.89202642713568991 0.10000 7 
 fake.rf 1440.00000000 51228.80628710780751689 0.10000 7 
 fake.rf 1440.00000000 51242.90526697476034101 0.10000 7 
 fake.rf 1440.00000000 51257.01841309969797678 0.10000 7 
 fake.rf 1440.00000000 51270.98942637085607998 0.10000 7 
 fake.rf 1440.00000000 51284.60206149613047799 0.10000 7 
 fake.rf 1440.00000000 51298.67031811562663535 0.10000 7 
 fake.rf 1440.00000000 51312.51033380652929594 0.10000 7 
 fake.rf 1440.00000000 51327.05709870589407018 0.10000 7 
 fake.rf 1440.00000000 51340.55633437272718922 0.10000 7 
 fake.rf 1440.00000000 51354.67316180881650212 0.10000 7 
 fake.rf 1440.00000000 51368.66613971779917591 0.10000 7 
 fake.rf 1440.00000000 51382.68319062434960287 0.10000 7 
 fake.rf 1440.00000000 51396.44071474900965413 0.10000 7 
 fake.rf 1440.00000000 51410.54359106531417112 0.10000 7 
 fake.rf 1440.00000000 51424.58571818043577650 0.10000 7 
 fake.rf 1440.00000000 51438.43711271042885613 0.10000 7 
 fake.rf 1440.00000000 51452.21431376931116475 0.10000 7 
 fake.rf 1440.00000000 51466.05436498274181645 0.10000 7 
 fake.rf 1440.00000000 51480.12133378585424026 0.10000 7 
 fake.rf 1440.00000000 51494.06351118726824723 0.10000 7 
 fake.rf 1440.00000000 51508.05811306196629218 0.10000 7 
 fake.rf 1440.00000000 51522.46492101721752022 0.10000 7 
 fake.rf 1440.00000000 51536.35441136446558374 0.10000 7 
 fake.rf 1440.00000000 51549.82802051119956488 0.10000 7 
 fake.rf 1440.00000000 51563.89958564774770622 0.10000 7 
 fake.rf 1440.00000000 51578.30497507887154995 0.10000 7 
 fake.rf 1440.00000000 51592.08073399415840754 0.10000 7 
 fake.rf 1440.00000000 51605.94645196306173673 0.10000 7 
 fake.rf 1440.00000000 51619.90409321850011537 0.10000 7 
 fake.rf 1440.00000000 51633.85928890821721282 0.10000 7 
 fake.rf 1440.00000000 51647.99741013010636337 0.10000 7 
 fake.rf 1440.00000000 51661.90753816205345217 0.10000 7 
 fake.rf 1440.00000000 51675.99993977652209054 0.10000 7 
 fake.rf 1440.00000000 51689.62276652248946007 0.10000 7 
 fake.rf 1440.00000000 51703.54213384449162305 0.10000 7 
 fake.rf 1440.00000000 51717.95206332282740291 0.10000 7 
 fake.rf 1440.00000000 51731.68137277495180015 0.10000 7 
 fake.rf 1440.00000000 51745.47898187116180679 0.10000 7 
 fake.rf 1440.00000000 51759.80723566401318436 0.10000 7 
 fake.rf 1440.00000000 51773.74067349178364239 0.10000 7 
 fake.rf 1440.00000000 51787.69333607286777621 0.10000 7 
 fake.rf 1440.00000000 51801.38612719224794390 0.10000 7 
 fake.rf 1440.00000000 51815.37484202614849949 0.10000 7 
 fake.rf 1440.00000000 51829.12325473594262348 0.10000 7 
 fake.rf 1440.00000000 51843.62381494716389341 0.10000 7 
 fake.rf 1440.00000000 51857.02621623841016429 0.10000 7 
 fake.rf 1440.00000000 51871.33091627184420602 0.10000 7 
 fake.rf 1440.00000000 51884.98023695965092372 0.10000 7 
 fake.rf 1440.00000000 51898.92758218166279960 0.10000 7 
 fake.rf 1440.00000000 51913.33747706708962610 0.10000 7 
 fake.rf 1440.00000000 51926.96720121865880770 0.10000 7 
 fake.rf 1440.00000000 51940.94737438723608847 0.10000 7 
 fake.rf 1440.00000000 51955.13563662024623113 0.10000 7 
 fake.rf 1440.00000000 51968.69307718229780235 0.10000 7 
 fake.rf 1440.00000000 51982.85175223926938770 0.10000 7 
 fake.rf 1440.00000000 51997.14980568686117479 0.10000 7 
 fake.rf 1440.00000000 52011.15086173803899072 0.10000 7 
 fake.rf 1440.00000000 52025.12352178653494406 0.10000 7 
 fake.rf 1440.00000000 52038.65885259625744652 0.10000 7 
 fake.rf 1440.00000000 52052.65577596167045371 0.10000 7 
 fake.rf 1440.00000000 52066.62185780110483790 0.10000 7 
 fake.rf 1440.00000000 52081.00020252028102519 0.10000 7 
 fake.rf 1440.00000000 52094.94547998655696119 0.10000 7 
 fake.rf 1440.00000000 52108.37552283090644778 0.10000 7 
 fake.rf 1440.00000000 52122.41492036965446388 0.10000 7 
 fake.rf 1440.00000000 52136.31779126771782629 0.10000 7 
 fake.rf 1440.00000000 52150.19598961904727119 0.10000 7 
 fake.rf 1440.00000000 52164.66958936463175789 0.10000 7 
 fake.rf 1440.00000000 52178.40829540375939999 0.10000 7 
 fake.rf 1440.00000000 52192.65297361222575390 0.10000 7 
 fake.rf 1440.00000000 52206.43157060687009974 0.10000 7 
 fake.rf 1440.00000000 52220.16116525953264116 0.10000 7 
 fake.rf 1440.00000000 52234.13686070158840735 0.10000 7 
 fake.rf 1440.00000000 52247.94239854047013694 0.10000 7 
 fake.rf 1440.00000000 52262.12529867331515021 0.10000 7 
 fake.rf 1440.00000000 52275.97311373578698479 0.10000 7 
 fake.rf 1440.00000000 52289.88594561577220787 0.10000 7 
 fake.rf 1440.00000000 52303.74510517455733449 0.10000 7 
 fake.rf 1440.00000000 52317.94713365712091147 0.10000 7 
 fake.rf 1440.00000000 52331.84553681107962575 0.10000 7 
 fake.rf 1440.00000000 52346.15281732420611505 0.10000 7 
 fake.rf 1440.00000000 52360.02279601786246133 0.10000 7 
 fake.rf 1440.00000000 52373.93959843489108863 0.10000 7 
 fake.rf 1440.00000000 52387.80670053043100154 0.10000 7 
 fake.rf 1440.00000000 52401.93901253520886740 0.10000 7 
 fake.rf 1440.00000000 52416.05271605242341337 0.10000 7 
 fake.rf 1440.00000000 52429.58943104567176974 0.10000 7 
 fake.rf 1440.00000000 52443.76102512358162144 0.10000 7 
 fake.rf 1440.00000000 52457.88561479093588247 0.10000 7 
 fake.rf 1440.00000000 52471.66255328731459784 0.10000 7 
 fake.rf 1440.00000000 52485.86929683370638244 0.10000 7 
 fake.rf 1440.00000000 52499.33152774120587836 0.10000 7 
 fake.rf 1440.00000000 52513.52503703651160549 0.10000 7 
 fake.rf 1440.00000000 52527.71528406616757323 0.10000 7 
 fake.rf 1440.00000000 52541.31245058104545720 0.10000 7 
 fake.rf 1440.00000000 52555.58358351156361365 0.10000 7 
 fake.rf 1440.00000000 52569.04826080353614159 0.10000 7 
 fake.rf 1440.00000000 52583.22851840044769389 0.10000 7 
 fake.rf 1440.00000000 52597.34481049664235286 0.10000 7 
 fake.rf 1440.00000000 52611.25308650845500225 0.10000 7 
 fake.rf 1440.00000000 52625.04958177476519054 0.10000 7 
 fake.rf 1440.00000000 52638.98269690948172794 0.10000 7 
 fake.rf 1440.00000000 52653.32546034159324932 0.10000 7 
 fake.rf 1440.00000000 52667.13587707966620499 0.10000 7 
 fake.rf 1440.00000000 52680.91275612787165983 0.10000 7 
 fake.rf 1440.00000000 52694.80997910535785778 0.10000 7 
 fake.rf 1440.00000000 52709.17310362241381227 0.10000 7 
 fake.rf 1440.00000000 52722.90104062219723247 0.10000 7 
 fake.rf 1440.00000000 52736.69564916872745997 0.10000 7 
 fake.rf 1440.00000000 52750.63236164232190362 0.10000 7 
 fake.rf 1440.00000000 52764.96359450504890631 0.10000 7 
 fake.rf 1440.00000000 52779.10370959919185907 0.10000 7 
 fake.rf 1440.00000000 52792.94862684165442346 0.10000 7 
 fake.rf 1440.00000000 52806.56822150103442581 0.10000 7 
 fake.rf 1440.00000000 52820.61366483943841743 0.10000 7 
 fake.rf 1440.00000000 52834.62912010635843529 0.10000 7 
 fake.rf 1440.00000000 52848.40064437505897033 0.10000 7 
 fake.rf 1440.00000000 52862.68769538961901588 0.10000 7 
 fake.rf 1440.00000000 52876.24630419282008731 0.10000 7 
 fake.rf 1440.00000000 52890.18064417073572159 0.10000 7 
 fake.rf 1440.00000000 52904.28285975392588725 0.10000 7 
 fake.rf 1440.00000000 52918.08643815816370193 0.10000 7 
 fake.rf 1440.00000000 52932.18790177074129133 0.10000 7 
 fake.rf 1440.00000000 52946.52185273233506280 0.10000 7 
 fake.rf 1440.00000000 52960.55390423418150192 0.10000 7 
 fake.rf 1440.00000000 52974.29076039430881195 0.10000 7 
 fake.rf 1440.00000000 52988.26740368863553243 0.10000 7 
 fake.rf 1440.00000000 53002.46902524440937299 0.10000 7 
