FORMAT 1
MODE 1
 fake.rf 1440.00000000 50000.10925012016843638 0.10000 7 
 fake.rf 1440.00000000 50014.21140981674621173 0.10000 7 
 fake.rf 1440.00000000 50028.22866678437674537 0.10000 7 
 fake.rf 1440.00000000 50042.54808874400218954 0.10000 7 
 fake.rf 1440.00000000 50056.38842121693905440 0.10000 7 
 fake.rf 1440.00000000 50070.16073106456920883 0.10000 7 
 fake.rf 1440.00000000 50084.36536551581881582 0.10000 7 
 fake.rf 1440.00000000 50097.88310940053048981 0.10000 7 
 fake.rf 1440.00000000 50112.25286870873914324 0.10000 7 
 fake.rf 1440.00000000 50126.35745431879656309 0.10000 7 
 fake.rf 1440.00000000 50140.33269859790992840 0.10000 7 
 fake.rf 1440.00000000 50154.25298284946154581 0.10000 7 
 fake.rf 1440.00000000 50168.22425261213279768 0.10000 7 
 fake.rf 1440.00000000 50182.00749645124010101 0.10000 7 
 fake.rf 1440.00000000 50195.73952941481525514 0.10000 7 
 fake.rf 1440.00000000 50210.17241870189653596 0.10000 7 
 fake.rf 1440.00000000 50223.66785913618183557 0.10000 7 
 fake.rf 1440.00000000 50237.97038552846735371 0.10000 7 
 fake.rf 1440.00000000 50251.71851948599116966 0.10000 7 
 fake.rf 1440.00000000 50265.95745446839099202 0.10000 7 
 fake.rf 1440.00000000 50279.43945370186375143 0.10000 7 
 fake.rf 1440.00000000 50293.56533027756808352 0.10000 7 
 fake.rf 1440.00000000 50307.79294328277767434 0.10000 7 
 fake.rf 1440.00000000 50321.46604840072044595 0.10000 7 
 fake.rf 1440.00000000 50335.27301918101266054 0.10000 7 
 fake.rf 1440.00000000 50349.23382774430495346 0.10000 7 
 fake.rf 1440.00000000 50363.63876239068474661 0.10000 7 
 fake.rf 1440.00000000 50377.31577597224595166 0.10000 7 
 fake.rf 1440.00000000 50391.58865416307665797 0.10000 7 
 fake.rf 1440.00000000 50405.31636570208695858 0.10000 7 
 fake.rf 1440.00000000 50419.17683692876554602 0.10000 7 
 fake.rf 1440.00000000 50433.48266342455046640 0.10000 7 
 fake.rf 1440.00000000 50447.35076070841224904 0.10000 7 
 fake.rf 1440.00000000 50461.26671498189670118 0.10000 7 
 fake.rf 1440.00000000 50475.26352283091834039 0.10000 7 
 fake.rf 1440.00000000 50489.01017863469326841 0.10000 7 
 fake.rf 1440.00000000 50502.73666886160179246 0.10000 7 
 fake.rf 1440.00000000 50516.97633721867924095 0.10000 7 
 fake.rf 1440.00000000 50530.94562965395710918 0.10000 7 
 fake.rf 1440.00000000 50545.08010522041184132 0.10000 7 
 fake.rf 1440.00000000 50558.79591858113721514 0.10000 7 
 fake.rf 1440.00000000 50572.77868144644605408 0.10000 7 
 fake.rf 1440.00000000 50586.87166726039368214 0.10000 7 
 fake.rf 1440.00000000 50600.59697646842142049 0.10000 7 
 fake.rf 1440.00000000 50615.06787589936716998 0.10000 7 
 fake.rf 1440.00000000 50628.93112072874148311 0.10000 7 
 fake.rf 1440.00000000 50642.46087862950843217 0.10000 7 
 fake.rf 1440.00000000 50656.46544457095730962 0.10000 7 
 fake.rf 1440.00000000 50670.66944187756877938 0.10000 7 
 fake.rf 1440.00000000 50684.65222647444249660 0.10000 7 
 fake.rf 1440.00000000 50698.26728678593974919 0.10000 7 
 fake.rf 1440.00000000 50712.65817603265517022 0.10000 7 
 fake.rf 1440.00000000 50726.13839660144560284 0.10000 7 
 fake.rf 1440.00000000 50740.68596269604485727 0.10000 7 
 fake.rf 1440.00000000 50754.12151647962598844 0.10000 7 
 fake.rf 1440.00000000 50768.11360055328498220 0.10000 7 
 fake.rf 1440.00000000 50781.99353455865340834 0.10000 7 
 fake.rf 1440.00000000 50796.53891572049372982 0.10000 7 
 fake.rf 1440.00000000 50810.24623946188171075 0.10000 7 
 fake.rf 1440.00000000 50824.43727774724355228 0.10000 7 
 fake.rf 1440.00000000 50838.08192981170755687 0.10000 7 
 fake.rf 1440.00000000 50852.35461752009079106 0.10000 7 
 fake.rf 1440.00000000 50866.22304172266099087 0.10000 7 
 fake.rf 1440.00000000 50879.77401712665677636 0.10000 7 
 fake.rf 1440.00000000 50894.00088514727664446 0.10000 7 
 fake.rf 1440.00000000 50907.90434328364116823 0.10000 7 
 fake.rf 1440.00000000 50921.90686723639572620 0.10000 7 
 fake.rf 1440.00000000 50935.89845157016095101 0.10000 7 
 fake.rf 1440.00000000 50950.07980411541401367 0.10000 7 
 fake.rf 1440.00000000 50964.08984657742142232 0.10000 7 
 fake.rf 1440.00000000 50977.58746586917967392 0.10000 7 
 fake.rf 1440.00000000 50991.52285785118899852 0.10000 7 
 fake.rf 1440.00000000 51005.55388920702789335 0.10000 7 
 fake.rf 1440.00000000 51019.84938708590206247 0.10000 7 
 fake.rf 1440.00000000 51033.54831429336394422 0.10000 7 
 fake.rf 1440.00000000 51047.42180452718454120 0.10000 7 
 fake.rf 1440.00000000 51061.61877330413777543 0.10000 7 
 fake.rf 1440.00000000 51075.55235114864469637 0.10000 7 
 fake.rf 1440.00000000 51089.46863334149398383 0.10000 7 
 fake.rf 1440.00000000 51103.24115883560802942 0.10000 7 
 fake.rf 1440.00000000 51117.19574735479720928 0.10000 7 
 fake.rf 1440.00000000 51131.43198260923983867 0.10000 7 
 fake.rf 1440.00000000 51144.96695677500816757 0.10000 7 
 fake.rf 1440.00000000 51159.10665856264779450 0.10000 7 
 fake.rf 1440.00000000 51173.26201930621996539 0.10000 7 
 fake.rf 1440.00000000 51186.93743994965541333 0.10000 7 
 fake.rf 1440.00000000 51201.10745191948222299 0.10000 7 
 fake.rf 1440.00000000 51215.18097275060411988 0.10000 7 
 fake.rf 1440.00000000 51228.77333393355446844 0.10000 7 
 fake.rf 1440.00000000 51243.35556235410943771 0.10000 7 
 fake.rf 1440.00000000 51256.99168084942857604 0.10000 7 
 fake.rf 1440.00000000 51270.93358689313619436 0.10000 7 
 fake.rf 1440.00000000 51285.16006238927520755 0.10000 7 
 fake.rf 1440.00000000 51298.70283116296500836 0.10000 7 
 fake.rf 1440.00000000 51312.90060536945550496 0.10000 7 
 fake.rf 1440.00000000 51326.72550831177569108 0.10000 7 
 fake.rf 1440.00000000 51340.87662791509288951 0.10000 7 
 fake.rf 1440.00000000 51354.44848545827376185 0.10000 7 
 fake.rf 1440.00000000 51368.96986546669145923 0.10000 7 
 fake.rf 1440.00000000 51382.67389704545447415 0.10000 7 
 fake.rf 1440.00000000 51396.29402311889727528 0.10000 7 
 fake.rf 1440.00000000 51410.35124848578793788 0.10000 7 
 fake.rf 1440.00000000 51424.69556472583665396 0.10000 7 
 fake.rf 1440.00000000 51438.38494827260980458 0.10000 7 
 fake.rf 1440.00000000 51452.77589759484424548 0.10000 7 
 fake.rf 1440.00000000 51466.19070041150493822 0.10000 7 
 fake.rf 1440.00000000 51480.45846690349053532 0.10000 7 
 fake.rf 1440.00000000 51494.41794442757475991 0.10000 7 
 fake.rf 1440.00000000 51508.47121784621401730 0.10000 7 
 fake.rf 1440.00000000 51522.02682592061449895 0.10000 7 
 fake.rf 1440.00000000 51536.46372167808726772 0.10000 7 
 fake.rf 1440.00000000 51550.50980964439402854 0.10000 7 
 fake.rf 1440.00000000 51564.33987908265554978 0.10000 7 
 fake.rf 1440.00000000 51578.34997501882982007 0.10000 7 
 fake.rf 1440.00000000 51591.90732419645236462 0.10000 7 
 fake.rf 1440.00000000 51605.93098045194837908 0.10000 7 
 fake.rf 1440.00000000 51620.32138977280829550 0.10000 7 
 fake.rf 1440.00000000 51634.08697695158232222 0.10000 7 
 fake.rf 1440.00000000 51648.22238008120855213 0.10000 7 
 fake.rf 1440.00000000 51661.57671006853216511 0.10000 7 
 fake.rf 1440.00000000 51675.96275173415851611 0.10000 7 
 fake.rf 1440.00000000 51689.77249940347838830 0.10000 7 
 fake.rf 1440.00000000 51703.77362815769374293 0.10000 7 
 fake.rf 1440.00000000 51717.75770469619674330 0.10000 7 
 fake.rf 1440.00000000 51731.81511394571837670 0.10000 7 
 fake.rf 1440.00000000 51745.38557622105432188 0.10000 7 
 fake.rf 1440.00000000 51759.89944847968365593 0.10000 7 
 fake.rf 1440.00000000 51773.47953669597558246 0.10000 7 
 fake.rf 1440.00000000 51787.32674928908139833 0.10000 7 
 fake.rf 1440.00000000 51801.73356093041432757 0.10000 7 
 fake.rf 1440.00000000 51815.72257347245279746 0.10000 7 
 fake.rf 1440.00000000 51829.22813816275437304 0.10000 7 
 fake.rf 1440.00000000 51843.06373463675199176 0.10000 7 
 fake.rf 1440.00000000 51857.43528946193350393 0.10000 7 
 fake.rf 1440.00000000 51871.33513044419380833 0.10000 7 
 fake.rf 1440.00000000 51885.59990225283536702 0.10000 7 
 fake.rf 1440.00000000 51899.42448603111559535 0.10000 7 
 fake.rf 1440.00000000 51912.96365286150283680 0.10000 7 
 fake.rf 1440.00000000 51927.22612829870552886 0.10000 7 
 fake.rf 1440.00000000 51941.14221153713363677 0.10000 7 
 fake.rf 1440.00000000 51954.94187916733934074 0.10000 7 
 fake.rf 1440.00000000 51969.01280973552761822 0.10000 7 
 fake.rf 1440.00000000 51983.01320703922542066 0.10000 7 
 fake.rf 1440.00000000 51996.68117017747341890 0.10000 7 
 fake.rf 1440.00000000 52010.80042278086986585 0.10000 7 
 fake.rf 1440.00000000 52025.06306196814591303 0.10000 7 
 fake.rf 1440.00000000 52038.79290741669453979 0.10000 7 
 fake.rf 1440.00000000 52052.67412873990282307 0.10000 7 
 fake.rf 1440.00000000 52066.74058118895925773 0.10000 7 
 fake.rf 1440.00000000 52080.64405583282677270 0.10000 7 
 fake.rf 1440.00000000 52094.58449987072171439 0.10000 7 
 fake.rf 1440.00000000 52108.40855335047408659 0.10000 7 
 fake.rf 1440.00000000 52122.82666843367480425 0.10000 7 
 fake.rf 1440.00000000 52136.80646724240244083 0.10000 7 
 fake.rf 1440.00000000 52150.65282338658634487 0.10000 7 
 fake.rf 1440.00000000 52164.49990709330004890 0.10000 7 
 fake.rf 1440.00000000 52178.75506094510872757 0.10000 7 
 fake.rf 1440.00000000 52192.48684873309184340 0.10000 7 
 fake.rf 1440.00000000 52206.61891336536395514 0.10000 7 
 fake.rf 1440.00000000 52220.09283919535689833 0.10000 7 
 fake.rf 1440.00000000 52234.26966470550981825 0.10000 7 
 fake.rf 1440.00000000 52248.42896797629201089 0.10000 7 
 fake.rf 1440.00000000 52262.11335122878220005 0.10000 7 
 fake.rf 1440.00000000 52276.16399926162901224 0.10000 7 
 fake.rf 1440.00000000 52290.06641677103737109 0.10000 7 
 fake.rf 1440.00000000 52304.35553372599786215 0.10000 7 
 fake.rf 1440.00000000 52318.04251297601140536 0.10000 7 
 fake.rf 1440.00000000 52331.80774032225515313 0.10000 7 
 fake.rf 1440.00000000 52346.34091684529703414 0.10000 7 
 fake.rf 1440.00000000 52359.66193092521823260 0.10000 7 
 fake.rf 1440.00000000 52374.04813422683829671 0.10000 7 
 fake.rf 1440.00000000 52387.75253780625138589 0.10000 7 
 fake.rf 1440.00000000 52401.84937517731552248 0.10000 7 
 fake.rf 1440.00000000 52415.60753520807423556 0.10000 7 
 fake.rf 1440.00000000 52429.68479462850383754 0.10000 7 
 fake.rf 1440.00000000 52443.93911066865467419 0.10000 7 
 fake.rf 1440.00000000 52457.99813592074966451 0.10000 7 
 fake.rf 1440.00000000 52471.84346689507399120 0.10000 7 
 fake.rf 1440.00000000 52485.35056369005145172 0.10000 7 
 fake.rf 1440.00000000 52499.51426743272199005 0.10000 7 
 fake.rf 1440.00000000 52513.30129906560228292 0.10000 7 
 fake.rf 1440.00000000 52527.45373266653923849 0.10000 7 
 fake.rf 1440.00000000 52541.47971598055564968 0.10000 7 
 fake.rf 1440.00000000 52555.72308875430411845 0.10000 7 
 fake.rf 1440.00000000 52569.22688056294769154 0.10000 7 
 fake.rf 1440.00000000 52583.13744609918544626 0.10000 7 
 fake.rf 1440.00000000 52597.26612864153430493 0.10000 7 
 fake.rf 1440.00000000 52611.06330032383634787 0.10000 7 
 fake.rf 1440.00000000 52625.41054642797916685 0.10000 7 
 fake.rf 1440.00000000 52639.04285300394167280 0.10000 7 
 fake.rf 1440.00000000 52653.01884326911438805 0.10000 7 
 fake.rf 1440.00000000 52666.91447423209605105 0.10000 7 
 fake.rf 1440.00000000 52681.41097682909824940 0.10000 7 
 fake.rf 1440.00000000 52695.10957640969483506 0.10000 7 
 fake.rf 1440.00000000 52709.09408144735639468 0.10000 7 
 fake.rf 1440.00000000 52722.86456096911132363 0.10000 7 
 fake.rf 1440.00000000 52736.89050355573403550 0.10000 7 
 fake.rf 1440.00000000 52750.60021394677216477 0.10000 7 
 fake.rf 1440.00000000 52764.84081357962364223 0.10000 7 
 fake.rf 1440.00000000 52778.77149202160493147 0.10000 7 
 fake.rf 1440.00000000 52792.50710926224236275 0.10000 7 
 fake.rf 1440.00000000 52806.50547156883430233 0.10000 7 
 fake.rf 1440.00000000 52820.84544633467514529 0.10000 7 
 fake.rf 1440.00000000 52834.71612703526363219 0.10000 7 
 fake.rf 1440.00000000 52848.51087541720501406 0.10000 7 
 fake.rf 1440.00000000 52862.29966902551851504 0.10000 7 
 fake.rf 1440.00000000 52876.46289182379668148 0.10000 7 
 fake.rf 1440.00000000 52890.35489154830972325 0.10000 7 
 fake.rf 1440.00000000 52904.69390881910755908 0.10000 7 
 fake.rf 1440.00000000 52918.40245448459533151 0.10000 7 
 fake.rf 1440.00000000 52932.49638401655456477 0.10000 7 
 fake.rf 1440.00000000 52946.66065900165336444 0.10000 7 
 fake.rf 1440.00000000 52960.55986428907641539 0.10000 7 
 fake.rf 1440.00000000 52974.05133659404097912 0.10000 7 
 fake.rf 1440.00000000 52988.49721044126840752 0.10000 7 
 fake.rf 1440.00000000 53001.93843358424169665 0.10000 7 
