FORMAT 1
MODE 1
 fake.rf 1440.00000000 50000.72647211041786974 0.10000 7 
 fake.rf 1440.00000000 50014.19096685068731034 0.10000 7 
 fake.rf 1440.00000000 50028.33909054413773276 0.10000 7 
 fake.rf 1440.00000000 50042.12915170433149115 0.10000 7 
 fake.rf 1440.00000000 50056.23165426246075072 0.10000 7 
 fake.rf 1440.00000000 50070.09410076416941493 0.10000 7 
 fake.rf 1440.00000000 50084.39947140017593341 0.10000 7 
 fake.rf 1440.00000000 50098.31707911767078301 0.10000 7 
 fake.rf 1440.00000000 50112.11497464762313570 0.10000 7 
 fake.rf 1440.00000000 50126.15502925680445401 0.10000 7 
 fake.rf 1440.00000000 50139.83880002863317316 0.10000 7 
 fake.rf 1440.00000000 50154.13619683988722997 0.10000 7 
 fake.rf 1440.00000000 50168.15118992909995654 0.10000 7 
 fake.rf 1440.00000000 50182.20441963449664513 0.10000 7 
 fake.rf 1440.00000000 50196.01349098780416469 0.10000 7 
 fake.rf 1440.00000000 50209.91162737549145589 0.10000 7 
 fake.rf 1440.00000000 50223.62267780703352926 0.10000 7 
 fake.rf 1440.00000000 50237.51541855049590168 0.10000 7 
 fake.rf 1440.00000000 50251.46723633122369534 0.10000 7 
 fake.rf 1440.00000000 50265.65470372261381016 0.10000 7 
 fake.rf 1440.00000000 50279.87272154714247208 0.10000 7 
 fake.rf 1440.00000000 50293.42137413754091568 0.10000 7 
 fake.rf 1440.00000000 50307.58140761196153790 0.10000 7 
 fake.rf 1440.00000000 50321.27320044237561092 0.10000 7 
 fake.rf 1440.00000000 50335.33032418815152198 0.10000 7 
 fake.rf 1440.00000000 50349.63004731520755897 0.10000 7 
 fake.rf 1440.00000000 50363.69401717008703656 0.10000 7 
 fake.rf 1440.00000000 50377.15475179208275591 0.10000 7 
 fake.rf 1440.00000000 50391.22955720527912860 0.10000 7 
 fake.rf 1440.00000000 50405.30839639364450022 0.10000 7 
 fake.rf 1440.00000000 50419.00897858987055500 0.10000 7 
 fake.rf 1440.00000000 50433.07734990347169912 0.10000 7 
 fake.rf 1440.00000000 50447.32557662543211308 0.10000 7 
 fake.rf 1440.00000000 50461.21250857223182251 0.10000 7 
 fake.rf 1440.00000000 50475.10916709904435251 0.10000 7 
 fake.rf 1440.00000000 50488.83145575458376797 0.10000 7 
 fake.rf 1440.00000000 50503.28572694323341352 0.10000 7 
 fake.rf 1440.00000000 50516.85931551462127942 0.10000 7 
 fake.rf 1440.00000000 50531.20410466242881142 0.10000 7 
 fake.rf 1440.00000000 50544.82783074593810824 0.10000 7 
 fake.rf 1440.00000000 50559.14636664754040041 0.10000 7 
 fake.rf 1440.00000000 50572.54648595617152651 0.10000 7 
 fake.rf 1440.00000000 50586.50583494158568243 0.10000 7 
 fake.rf 1440.00000000 50600.87759003929888735 0.10000 7 
 fake.rf 1440.00000000 50615.03583178414668353 0.10000 7 
 fake.rf 1440.00000000 50628.84247818314179312 0.10000 7 
 fake.rf 1440.00000000 50642.48392908282067992 0.10000 7 
 fake.rf 1440.00000000 50656.39144723346826638 0.10000 7 
 fake.rf 1440.00000000 50670.79572713050159649 0.10000 7 
 fake.rf 1440.00000000 50684.42722183264513447 0.10000 7 
 fake.rf 1440.00000000 50698.56043350828862515 0.10000 7 
 fake.rf 1440.00000000 50712.55429067336048732 0.10000 7 
 fake.rf 1440.00000000 50726.43933067201760778 0.10000 7 
 fake.rf 1440.00000000 50740.10413522859682445 0.10000 7 
 fake.rf 1440.00000000 50754.49467793130414250 0.10000 7 
 fake.rf 1440.00000000 50768.47506774528950046 0.10000 7 
 fake.rf 1440.00000000 50782.47782148933401203 0.10000 7 
 fake.rf 1440.00000000 50796.30389344304558463 0.10000 7 
 fake.rf 1440.00000000 50810.44991064416063864 0.10000 7 
 fake.rf 1440.00000000 50823.89902913219271241 0.10000 7 
 fake.rf 1440.00000000 50837.84216633697939258 0.10000 7 
 fake.rf 1440.00000000 50852.39365852058747564 0.10000 7 
 fake.rf 1440.00000000 50865.94937440096003911 0.10000 7 
 fake.rf 1440.00000000 50880.17896438438267737 0.10000 7 
 fake.rf 1440.00000000 50893.98894786088296627 0.10000 7 
 fake.rf 1440.00000000 50908.14621504101127414 0.10000 7 
 fake.rf 1440.00000000 50922.13631978275002510 0.10000 7 
 fake.rf 1440.00000000 50935.77213382478835157 0.10000 7 
 fake.rf 1440.00000000 50949.54121560164960769 0.10000 7 
 fake.rf 1440.00000000 50963.91433555322113236 0.10000 7 
 fake.rf 1440.00000000 50977.87876850620273217 0.10000 7 
 fake.rf 1440.00000000 50992.00461225564032119 0.10000 7 
 fake.rf 1440.00000000 51005.81607755673664073 0.10000 7 
 fake.rf 1440.00000000 51019.77808556131882867 0.10000 7 
 fake.rf 1440.00000000 51033.64724375620231456 0.10000 7 
 fake.rf 1440.00000000 51047.65517691045263504 0.10000 7 
 fake.rf 1440.00000000 51061.46205735584916852 0.10000 7 
 fake.rf 1440.00000000 51075.67755918764969181 0.10000 7 
 fake.rf 1440.00000000 51089.63123652548977915 0.10000 7 
 fake.rf 1440.00000000 51103.21395634069282110 0.10000 7 
 fake.rf 1440.00000000 51117.09917891001342838 0.10000 7 
 fake.rf 1440.00000000 51131.22429402874440640 0.10000 7 
 fake.rf 1440.00000000 51145.50576365319298944 0.10000 7 
 fake.rf 1440.00000000 51159.31425237621909474 0.10000 7 
 fake.rf 1440.00000000 51173.14239802655174216 0.10000 7 
 fake.rf 1440.00000000 51187.18596977360245859 0.10000 7 
 fake.rf 1440.00000000 51201.01307438148273832 0.10000 7 
 fake.rf 1440.00000000 51214.88219984772644366 0.10000 7 
 fake.rf 1440.00000000 51228.79006962473215125 0.10000 7 
 fake.rf 1440.00000000 51242.80141751531968097 0.10000 7 
 fake.rf 1440.00000000 51256.82455420069261365 0.10000 7 
 fake.rf 1440.00000000 51270.71378723736620842 0.10000 7 
 fake.rf 1440.00000000 51284.64818672855262349 0.10000 7 
 fake.rf 1440.00000000 51298.93193201747619625 0.10000 7 
 fake.rf 1440.00000000 51313.08898110163854511 0.10000 7 
 fake.rf 1440.00000000 51326.87159014702515947 0.10000 7 
 fake.rf 1440.00000000 51340.68416194528276364 0.10000 7 
 fake.rf 1440.00000000 51354.86954184354560127 0.10000 7 
 fake.rf 1440.00000000 51368.99285769077915020 0.10000 7 
 fake.rf 1440.00000000 51382.61273741321819486 0.10000 7 
 fake.rf 1440.00000000 51396.54279665635245067 0.10000 7 
 fake.rf 1440.00000000 51410.66877149687791260 0.10000 7 
 fake.rf 1440.00000000 51424.45272097176729176 0.10000 7 
 fake.rf 1440.00000000 51438.23247165613297582 0.10000 7 
 fake.rf 1440.00000000 51452.35868055733034865 0.10000 7 
 fake.rf 1440.00000000 51466.71668094260509108 0.10000 7 
 fake.rf 1440.00000000 51480.54259076545377383 0.10000 7 
 fake.rf 1440.00000000 51494.51390623055248241 0.10000 7 
 fake.rf 1440.00000000 51508.45896789934724680 0.10000 7 
 fake.rf 1440.00000000 51522.27678115970532602 0.10000 7 
 fake.rf 1440.00000000 51536.53570909902841990 0.10000 7 
 fake.rf 1440.00000000 51550.40421944107367835 0.10000 7 
 fake.rf 1440.00000000 51564.38537385806580104 0.10000 7 
 fake.rf 1440.00000000 51578.29733078864635587 0.10000 7 
 fake.rf 1440.00000000 51592.01255593980346958 0.10000 7 
 fake.rf 1440.00000000 51605.86008206212965632 0.10000 7 
 fake.rf 1440.00000000 51619.85383688292764148 0.10000 7 
 fake.rf 1440.00000000 51634.10105937854545388 0.10000 7 
 fake.rf 1440.00000000 51647.85593697327947638 0.10000 7 
 fake.rf 1440.00000000 51661.79578761225299033 0.10000 7 
 fake.rf 1440.00000000 51676.09258405416637316 0.10000 7 
 fake.rf 1440.00000000 51689.90882442403860964 0.10000 7 
 fake.rf 1440.00000000 51703.77613421140747008 0.10000 7 
 fake.rf 1440.00000000 51718.04555616890813496 0.10000 7 
 fake.rf 1440.00000000 51731.51710123586196843 0.10000 7 
 fake.rf 1440.00000000 51745.57968620187116215 0.10000 7 
 fake.rf 1440.00000000 51759.66994325975104374 0.10000 7 
 fake.rf 1440.00000000 51773.65895288461081947 0.10000 7 
 fake.rf 1440.00000000 51787.27847713058778112 0.10000 7 
 fake.rf 1440.00000000 51801.53027609557011246 0.10000 7 
 fake.rf 1440.00000000 51815.17739145098099129 0.10000 7 
 fake.rf 1440.00000000 51829.43186771957328673 0.10000 7 
 fake.rf 1440.00000000 51843.18120096480684111 0.10000 7 
 fake.rf 1440.00000000 51857.31715853952433548 0.10000 7 
 fake.rf 1440.00000000 51871.38961148934425793 0.10000 7 
 fake.rf 1440.00000000 51885.30337969076762050 0.10000 7 
 fake.rf 1440.00000000 51899.16889711531842266 0.10000 7 
 fake.rf 1440.00000000 51913.10548598453072699 0.10000 7 
 fake.rf 1440.00000000 51927.02879563118223771 0.10000 7 
 fake.rf 1440.00000000 51940.87760078316862078 0.10000 7 
 fake.rf 1440.00000000 51955.33689562535143480 0.10000 7 
 fake.rf 1440.00000000 51968.89069265384661023 0.10000 7 
 fake.rf 1440.00000000 51983.31290091625627525 0.10000 7 
 fake.rf 1440.00000000 51997.12490956709006440 0.10000 7 
 fake.rf 1440.00000000 52010.62888963472146386 0.10000 7 
 fake.rf 1440.00000000 52024.80454906978076224 0.10000 7 
 fake.rf 1440.00000000 52039.16897657730321214 0.10000 7 
 fake.rf 1440.00000000 52052.70493747500592363 0.10000 7 
 fake.rf 1440.00000000 52066.49937881753352187 0.10000 7 
 fake.rf 1440.00000000 52080.65690999792556681 0.10000 7 
 fake.rf 1440.00000000 52094.83761434406390833 0.10000 7 
 fake.rf 1440.00000000 52108.96707816475056774 0.10000 7 
 fake.rf 1440.00000000 52122.31240916347035252 0.10000 7 
 fake.rf 1440.00000000 52136.39864925263709239 0.10000 7 
 fake.rf 1440.00000000 52150.83576115716826749 0.10000 7 
 fake.rf 1440.00000000 52164.35752994262364979 0.10000 7 
 fake.rf 1440.00000000 52178.54458109166798252 0.10000 7 
 fake.rf 1440.00000000 52192.44350939781744714 0.10000 7 
 fake.rf 1440.00000000 52206.65918054558299488 0.10000 7 
 fake.rf 1440.00000000 52220.50398200655595105 0.10000 7 
 fake.rf 1440.00000000 52234.02626867466558025 0.10000 7 
 fake.rf 1440.00000000 52248.59394792275138641 0.10000 7 
 fake.rf 1440.00000000 52262.06478506016296492 0.10000 7 
 fake.rf 1440.00000000 52276.04129768276621704 0.10000 7 
 fake.rf 1440.00000000 52290.11649395798449191 0.10000 7 
 fake.rf 1440.00000000 52304.36467672954515962 0.10000 7 
 fake.rf 1440.00000000 52318.29318365546902925 0.10000 7 
 fake.rf 1440.00000000 52332.27212338279032267 0.10000 7 
 fake.rf 1440.00000000 52345.82845443394887752 0.10000 7 
 fake.rf 1440.00000000 52359.71849710094776498 0.10000 7 
 fake.rf 1440.00000000 52374.25113467895999619 0.10000 7 
 fake.rf 1440.00000000 52387.63832001654375148 0.10000 7 
 fake.rf 1440.00000000 52401.78705238642421094 0.10000 7 
 fake.rf 1440.00000000 52416.11345765566700905 0.10000 7 
 fake.rf 1440.00000000 52430.01754437952521215 0.10000 7 
 fake.rf 1440.00000000 52443.70848287233729934 0.10000 7 
 fake.rf 1440.00000000 52457.58210696209669521 0.10000 7 
 fake.rf 1440.00000000 52471.88884727644019890 0.10000 7 
 fake.rf 1440.00000000 52485.82063943845957255 0.10000 7 
 fake.rf 1440.00000000 52499.52693091759496724 0.10000 7 
 fake.rf 1440.00000000 52513.36276181318629952 0.10000 7 
 fake.rf 1440.00000000 52527.51348433896264112 0.10000 7 
 fake.rf 1440.00000000 52541.38746571767233462 0.10000 7 
 fake.rf 1440.00000000 52555.27352033955242661 0.10000 7 
 fake.rf 1440.00000000 52569.54870908878566382 0.10000 7 
 fake.rf 1440.00000000 52583.23136170711716630 0.10000 7 
 fake.rf 1440.00000000 52597.34407787949076152 0.10000 7 
 fake.rf 1440.00000000 52611.17787717356498689 0.10000 7 
 fake.rf 1440.00000000 52625.46435080315108834 0.10000 7 
 fake.rf 1440.00000000 52639.16429752712683765 0.10000 7 
 fake.rf 1440.00000000 52652.88112436874665434 0.10000 7 
 fake.rf 1440.00000000 52667.39477745067036807 0.10000 7 
 fake.rf 1440.00000000 52681.03396278530162178 0.10000 7 
 fake.rf 1440.00000000 52694.92651949807815015 0.10000 7 
 fake.rf 1440.00000000 52708.78824458376258022 0.10000 7 
 fake.rf 1440.00000000 52723.20751895324523773 0.10000 7 
 fake.rf 1440.00000000 52736.71981784398092330 0.10000 7 
 fake.rf 1440.00000000 52751.21494256803545753 0.10000 7 
 fake.rf 1440.00000000 52764.98471606286538815 0.10000 7 
 fake.rf 1440.00000000 52778.75823873994829682 0.10000 7 
 fake.rf 1440.00000000 52792.51496554679911810 0.10000 7 
 fake.rf 1440.00000000 52806.85560267236980536 0.10000 7 
 fake.rf 1440.00000000 52820.72120336082094028 0.10000 7 
 fake.rf 1440.00000000 52834.66488868418932512 0.10000 7 
 fake.rf 1440.00000000 52848.70349045940108823 0.10000 7 
 fake.rf 1440.00000000 52862.51140395503793812 0.10000 7 
 fake.rf 1440.00000000 52876.85092046559475776 0.10000 7 
 fake.rf 1440.00000000 52890.80137241609520871 0.10000 7 
 fake.rf 1440.00000000 52904.28758557667909557 0.10000 7 
 fake.rf 1440.00000000 52918.59712036803212243 0.10000 7 
 fake.rf 1440.00000000 52932.29208986906900236 0.10000 7 
 fake.rf 1440.00000000 52946.31902666092895871 0.10000 7 
 fake.rf 1440.00000000 52960.15084338551079668 0.10000 7 
 fake.rf 1440.00000000 52974.42468699363572426 0.10000 7 
 fake.rf 1440.00000000 52988.37590447182165221 0.10000 7 
 fake.rf 1440.00000000 53002.52113600961936513 0.10000 7 
