FORMAT 1
MODE 1
 fake.rf 1440.00000000 50000.31362621214192288 0.10000 7 
 fake.rf 1440.00000000 50014.25974201288919474 0.10000 7 
 fake.rf 1440.00000000 50028.20302952591003631 0.10000 7 
 fake.rf 1440.00000000 50042.02876568994723172 0.10000 7 
 fake.rf 1440.00000000 50056.31208074437132893 0.10000 7 
 fake.rf 1440.00000000 50070.26958465125365549 0.10000 7 
 fake.rf 1440.00000000 50084.02917767006622896 0.10000 7 
 fake.rf 1440.00000000 50098.18055477677119214 0.10000 7 
 fake.rf 1440.00000000 50111.87488430730970634 0.10000 7 
 fake.rf 1440.00000000 50126.32387528151244283 0.10000 7 
 fake.rf 1440.00000000 50140.28395781713230406 0.10000 7 
 fake.rf 1440.00000000 50154.04245604276213299 0.10000 7 
 fake.rf 1440.00000000 50168.23938338821089644 0.10000 7 
 fake.rf 1440.00000000 50181.81162500607641519 0.10000 7 
 fake.rf 1440.00000000 50196.20569445934954089 0.10000 7 
 fake.rf 1440.00000000 50210.17646511379490093 0.10000 7 
 fake.rf 1440.00000000 50223.78529515312152753 0.10000 7 
 fake.rf 1440.00000000 50237.89089867254526567 0.10000 7 
 fake.rf 1440.00000000 50251.77057602137745818 0.10000 7 
 fake.rf 1440.00000000 50265.87904733149316172 0.10000 7 
 fake.rf 1440.00000000 50279.81167050365793258 0.10000 7 
 fake.rf 1440.00000000 50293.89279665717344869 0.10000 7 
 fake.rf 1440.00000000 50307.93149377164017011 0.10000 7 
 fake.rf 1440.00000000 50321.57469370286599641 0.10000 7 
 fake.rf 1440.00000000 50335.40259166985139316 0.10000 7 
 fake.rf 1440.00000000 50349.57344424861122434 0.10000 7 
 fake.rf 1440.00000000 50363.41914520888380125 0.10000 7 
 fake.rf 1440.00000000 50377.18447453843006656 0.10000 7 
 fake.rf 1440.00000000 50391.55169200868179757 0.10000 7 
 fake.rf 1440.00000000 50405.21482632608149999 0.10000 7 
 fake.rf 1440.00000000 50419.12627154917697325 0.10000 7 
 fake.rf 1440.00000000 50432.97197916555484554 0.10000 7 
 fake.rf 1440.00000000 50447.28612174670878332 0.10000 7 
 fake.rf 1440.00000000 50461.17908061015097232 0.10000 7 
 fake.rf 1440.00000000 50474.88875032822248556 0.10000 7 
 fake.rf 1440.00000000 50488.85776759463815466 0.10000 7 
 fake.rf 1440.00000000 50502.74645633995971039 0.10000 7 
 fake.rf 1440.00000000 50516.92061191262015640 0.10000 7 
 fake.rf 1440.00000000 50531.07923220413788457 0.10000 7 
 fake.rf 1440.00000000 50544.70047661330922395 0.10000 7 
 fake.rf 1440.00000000 50558.69518247787166487 0.10000 7 
 fake.rf 1440.00000000 50572.85211140034166988 0.10000 7 
 fake.rf 1440.00000000 50586.93674692283468275 0.10000 7 
 fake.rf 1440.00000000 50600.49993929118613778 0.10000 7 
 fake.rf 1440.00000000 50614.93400287664114146 0.10000 7 
 fake.rf 1440.00000000 50628.78426713184946450 0.10000 7 
 fake.rf 1440.00000000 50642.35645618910624322 0.10000 7 
 fake.rf 1440.00000000 50656.43757583199180061 0.10000 7 
 fake.rf 1440.00000000 50670.43166978337728423 0.10000 7 
 fake.rf 1440.00000000 50684.58842896188851412 0.10000 7 
 fake.rf 1440.00000000 50698.81624577804923959 0.10000 7 
 fake.rf 1440.00000000 50712.78118908287578037 0.10000 7 
 fake.rf 1440.00000000 50726.39063378062904874 0.10000 7 
 fake.rf 1440.00000000 50740.69537372390642815 0.10000 7 
 fake.rf 1440.00000000 50754.34174292918719829 0.10000 7 
 fake.rf 1440.00000000 50768.48397840789701618 0.10000 7 
 fake.rf 1440.00000000 50782.33113039916646869 0.10000 7 
 fake.rf 1440.00000000 50796.52809332460396163 0.10000 7 
 fake.rf 1440.00000000 50810.47388426535201589 0.10000 7 
 fake.rf 1440.00000000 50824.05981313432930335 0.10000 7 
 fake.rf 1440.00000000 50837.95813629918137266 0.10000 7 
 fake.rf 1440.00000000 50851.85359843878814345 0.10000 7 
 fake.rf 1440.00000000 50865.99012764515047635 0.10000 7 
 fake.rf 1440.00000000 50880.24081963438768028 0.10000 7 
 fake.rf 1440.00000000 50894.06746666033826898 0.10000 7 
 fake.rf 1440.00000000 50907.95189159123386702 0.10000 7 
 fake.rf 1440.00000000 50922.20982705973022675 0.10000 7 
 fake.rf 1440.00000000 50935.96338893516966095 0.10000 7 
 fake.rf 1440.00000000 50950.06019539781827277 0.10000 7 
 fake.rf 1440.00000000 50963.84831050501058414 0.10000 7 
 fake.rf 1440.00000000 50977.92800964429047994 0.10000 7 
 fake.rf 1440.00000000 50992.05774790547707553 0.10000 7 
 fake.rf 1440.00000000 51005.37435146793911755 0.10000 7 
 fake.rf 1440.00000000 51019.57691214994273921 0.10000 7 
 fake.rf 1440.00000000 51033.30806893603486074 0.10000 7 
 fake.rf 1440.00000000 51047.76362863064357711 0.10000 7 
 fake.rf 1440.00000000 51061.85467950925641034 0.10000 7 
 fake.rf 1440.00000000 51075.19625160815393272 0.10000 7 
 fake.rf 1440.00000000 51089.77115692930041391 0.10000 7 
 fake.rf 1440.00000000 51103.22786117558629826 0.10000 7 
 fake.rf 1440.00000000 51117.43108533126313020 0.10000 7 
 fake.rf 1440.00000000 51131.60536677989466625 0.10000 7 
 fake.rf 1440.00000000 51145.06524037212409795 0.10000 7 
 fake.rf 1440.00000000 51159.58280202519292601 0.10000 7 
 fake.rf 1440.00000000 51173.43338269531237827 0.10000 7 
 fake.rf 1440.00000000 51187.24451836010386785 0.10000 7 
 fake.rf 1440.00000000 51201.27587507112601628 0.10000 7 
 fake.rf 1440.00000000 51215.01183361733524535 0.10000 7 
 fake.rf 1440.00000000 51229.05815836852112710 0.10000 7 
 fake.rf 1440.00000000 51243.07353186977997694 0.10000 7 
 fake.rf 1440.00000000 51257.10031213360613833 0.10000 7 
 fake.rf 1440.00000000 51271.08318606630546910 0.10000 7 
 fake.rf 1440.00000000 51285.03224785124988472 0.10000 7 
 fake.rf 1440.00000000 51298.56711669442041313 0.10000 7 
 fake.rf 1440.00000000 51312.83890875965927592 0.10000 7 
 fake.rf 1440.00000000 51326.65284361445932859 0.10000 7 
 fake.rf 1440.00000000 51340.77703002322776982 0.10000 7 
 fake.rf 1440.00000000 51354.67831690486226037 0.10000 7 
 fake.rf 1440.00000000 51368.95070635002472414 0.10000 7 
 fake.rf 1440.00000000 51382.54325879376528619 0.10000 7 
 fake.rf 1440.00000000 51396.93755347341758366 0.10000 7 
 fake.rf 1440.00000000 51410.66120151729485244 0.10000 7 
 fake.rf 1440.00000000 51424.42171825578024169 0.10000 7 
 fake.rf 1440.00000000 51438.83750895542656068 0.10000 7 
 fake.rf 1440.00000000 51452.80194374774125876 0.10000 7 
 fake.rf 1440.00000000 51466.33184345136438864 0.10000 7 
 fake.rf 1440.00000000 51480.57475341416204273 0.10000 7 
 fake.rf 1440.00000000 51494.66846526886707025 0.10000 7 
 fake.rf 1440.00000000 51508.24482969082277251 0.10000 7 
 fake.rf 1440.00000000 51522.43420428709707437 0.10000 7 
 fake.rf 1440.00000000 51536.02284638082172918 0.10000 7 
 fake.rf 1440.00000000 51550.50732772473482868 0.10000 7 
 fake.rf 1440.00000000 51564.24254316962753819 0.10000 7 
 fake.rf 1440.00000000 51577.99595168339563500 0.10000 7 
 fake.rf 1440.00000000 51592.36955406702674054 0.10000 7 
 fake.rf 1440.00000000 51605.99357633643098708 0.10000 7 
 fake.rf 1440.00000000 51620.26301318117025474 0.10000 7 
 fake.rf 1440.00000000 51634.03953155416345311 0.10000 7 
 fake.rf 1440.00000000 51648.10440513661848527 0.10000 7 
 fake.rf 1440.00000000 51661.79172617646304744 0.10000 7 
 fake.rf 1440.00000000 51675.62184412627978602 0.10000 7 
 fake.rf 1440.00000000 51689.75172391364296942 0.10000 7 
 fake.rf 1440.00000000 51703.46014512012909847 0.10000 7 
 fake.rf 1440.00000000 51717.94421744226990256 0.10000 7 
 fake.rf 1440.00000000 51731.64719222683934063 0.10000 7 
 fake.rf 1440.00000000 51745.66563160586321146 0.10000 7 
 fake.rf 1440.00000000 51759.33519814290018601 0.10000 7 
 fake.rf 1440.00000000 51773.86725206520313591 0.10000 7 
 fake.rf 1440.00000000 51787.82520429132865658 0.10000 7 
 fake.rf 1440.00000000 51801.80538660848225518 0.10000 7 
 fake.rf 1440.00000000 51815.30155222666484249 0.10000 7 
 fake.rf 1440.00000000 51829.69202506821419973 0.10000 7 
 fake.rf 1440.00000000 51843.43408140753970770 0.10000 7 
 fake.rf 1440.00000000 51857.39565666573331626 0.10000 7 
 fake.rf 1440.00000000 51871.57347979258769755 0.10000 7 
 fake.rf 1440.00000000 51885.31819701222593366 0.10000 7 
 fake.rf 1440.00000000 51899.51456453238707311 0.10000 7 
 fake.rf 1440.00000000 51913.30685702754706412 0.10000 7 
 fake.rf 1440.00000000 51927.18351204192896375 0.10000 7 
 fake.rf 1440.00000000 51940.99447022459591494 0.10000 7 
 fake.rf 1440.00000000 51955.01436317761154271 0.10000 7 
 fake.rf 1440.00000000 51969.18455322458703449 0.10000 7 
 fake.rf 1440.00000000 51982.85155209238400431 0.10000 7 
 fake.rf 1440.00000000 51997.31155328745687427 0.10000 7 
 fake.rf 1440.00000000 52011.27337807559135996 0.10000 7 
 fake.rf 1440.00000000 52024.68553864823667610 0.10000 7 
 fake.rf 1440.00000000 52038.80778789673149021 0.10000 7 
 fake.rf 1440.00000000 52053.07727574209100041 0.10000 7 
 fake.rf 1440.00000000 52066.97084738909180857 0.10000 7 
 fake.rf 1440.00000000 52080.52952977926915423 0.10000 7 
 fake.rf 1440.00000000 52094.52456474709785894 0.10000 7 
 fake.rf 1440.00000000 52108.95314693879481993 0.10000 7 
 fake.rf 1440.00000000 52122.67993517124258318 0.10000 7 
 fake.rf 1440.00000000 52136.42161728167902623 0.10000 7 
 fake.rf 1440.00000000 52150.70583149768889797 0.10000 7 
 fake.rf 1440.00000000 52164.84048716114757127 0.10000 7 
 fake.rf 1440.00000000 52178.63883471566818173 0.10000 7 
 fake.rf 1440.00000000 52192.63084134327727170 0.10000 7 
 fake.rf 1440.00000000 52206.66911033573874690 0.10000 7 
 fake.rf 1440.00000000 52220.46363634052036318 0.10000 7 
 fake.rf 1440.00000000 52234.47405136159158801 0.10000 7 
 fake.rf 1440.00000000 52248.04671207373482389 0.10000 7 
 fake.rf 1440.00000000 52262.26993699719842112 0.10000 7 
 fake.rf 1440.00000000 52276.06063431959637455 0.10000 7 
 fake.rf 1440.00000000 52290.29976297292785503 0.10000 7 
 fake.rf 1440.00000000 52304.07237040115289872 0.10000 7 
 fake.rf 1440.00000000 52318.31267779102599391 0.10000 7 
 fake.rf 1440.00000000 52332.11973325108256816 0.10000 7 
 fake.rf 1440.00000000 52345.72285921682739840 0.10000 7 
 fake.rf 1440.00000000 52359.87804775060233808 0.10000 7 
 fake.rf 1440.00000000 52374.20095419005719961 0.10000 7 
 fake.rf 1440.00000000 52387.86219921384213905 0.10000 7 
 fake.rf 1440.00000000 52401.55913722400417143 0.10000 7 
 fake.rf 1440.00000000 52415.58726854176286736 0.10000 7 
 fake.rf 1440.00000000 52429.74674071998529001 0.10000 7 
 fake.rf 1440.00000000 52443.44372950906376474 0.10000 7 
 fake.rf 1440.00000000 52457.58891415418682413 0.10000 7 
 fake.rf 1440.00000000 52471.90886191507917857 0.10000 7 
 fake.rf 1440.00000000 52485.91356446121712054 0.10000 7 
 fake.rf 1440.00000000 52499.32388029544863528 0.10000 7 
 fake.rf 1440.00000000 52513.24073642296790609 0.10000 7 
 fake.rf 1440.00000000 52527.27869991693666307 0.10000 7 
 fake.rf 1440.00000000 52541.15582404339118128 0.10000 7 
 fake.rf 1440.00000000 52555.50436114728600501 0.10000 7 
 fake.rf 1440.00000000 52569.32223298261039091 0.10000 7 
 fake.rf 1440.00000000 52583.52179729388192442 0.10000 7 
 fake.rf 1440.00000000 52597.37654925529220407 0.10000 7 
 fake.rf 1440.00000000 52611.03099476254764610 0.10000 7 
 fake.rf 1440.00000000 52625.26079185262489091 0.10000 7 
 fake.rf 1440.00000000 52639.19203903847735049 0.10000 7 
 fake.rf 1440.00000000 52653.34590308278102455 0.10000 7 
 fake.rf 1440.00000000 52666.95767449426133311 0.10000 7 
 fake.rf 1440.00000000 52681.16647521225009143 0.10000 7 
 fake.rf 1440.00000000 52694.91512344035057325 0.10000 7 
 fake.rf 1440.00000000 52709.02248516610779561 0.10000 7 
 fake.rf 1440.00000000 52722.84197382114742680 0.10000 7 
 fake.rf 1440.00000000 52737.06812238860833375 0.10000 7 
 fake.rf 1440.00000000 52750.78735072404851891 0.10000 7 
 fake.rf 1440.00000000 52765.11878774066358488 0.10000 7 
 fake.rf 1440.00000000 52778.98628812650189346 0.10000 7 
 fake.rf 1440.00000000 52792.89893110522218933 0.10000 7 
 fake.rf 1440.00000000 52806.92483409700459163 0.10000 7 
 fake.rf 1440.00000000 52820.49180550362661535 0.10000 7 
 fake.rf 1440.00000000 52834.80627923570905580 0.10000 7 
 fake.rf 1440.00000000 52848.89853944026414467 0.10000 7 
 fake.rf 1440.00000000 52862.66320941284799417 0.10000 7 
 fake.rf 1440.00000000 52876.71289784938051781 0.10000 7 
 fake.rf 1440.00000000 52890.32190230557177912 0.10000 7 
 fake.rf 1440.00000000 52904.44474579847336670 0.10000 7 
 fake.rf 1440.00000000 52918.53736290169925383 0.10000 7 
 fake.rf 1440.00000000 52932.26157583151935881 0.10000 7 
 fake.rf 1440.00000000 52946.33950168507506007 0.10000 7 
 fake.rf 1440.00000000 52960.50830849502263575 0.10000 7 
 fake.rf 1440.00000000 52974.14787156268399571 0.10000 7 
 fake.rf 1440.00000000 52987.94589364355930883 0.10000 7 
 fake.rf 1440.00000000 53001.97079831723232957 0.10000 7 
