FORMAT 1
MODE 1
 fake.rf 1440.00000000 50000.83506062029686134 0.10000 7 
 fake.rf 1440.00000000 50014.52606099210363055 0.10000 7 
 fake.rf 1440.00000000 50028.24363702578540014 0.10000 7 
 fake.rf 1440.00000000 50042.38901376940676968 0.10000 7 
 fake.rf 1440.00000000 50056.04948737114724366 0.10000 7 
 fake.rf 1440.00000000 50070.62582010872296934 0.10000 7 
 fake.rf 1440.00000000 50084.42119447054425052 0.10000 7 
 fake.rf 1440.00000000 50098.32869482518147208 0.10000 7 
 fake.rf 1440.00000000 50112.02523517613466097 0.10000 7 
 fake.rf 1440.00000000 50125.96619731506002893 0.10000 7 
 fake.rf 1440.00000000 50140.39807914776488218 0.10000 7 
 fake.rf 1440.00000000 50154.35899398667656612 0.10000 7 
 fake.rf 1440.00000000 50168.05741055698052833 0.10000 7 
 fake.rf 1440.00000000 50182.19228883670464825 0.10000 7 
 fake.rf 1440.00000000 50196.05893017608820728 0.10000 7 
 fake.rf 1440.00000000 50209.70821571159959262 0.10000 7 
 fake.rf 1440.00000000 50223.90722305348813492 0.10000 7 
 fake.rf 1440.00000000 50238.04572863563326734 0.10000 7 
 fake.rf 1440.00000000 50252.04771381364058414 0.10000 7 
 fake.rf 1440.00000000 50265.71054092139846148 0.10000 7 
 fake.rf 1440.00000000 50279.65194243148893349 0.10000 7 
 fake.rf 1440.00000000 50293.74184210601835687 0.10000 7 
 fake.rf 1440.00000000 50307.71856636428461940 0.10000 7 
 fake.rf 1440.00000000 50321.82103752611214276 0.10000 7 
 fake.rf 1440.00000000 50335.37511375212028497 0.10000 7 
 fake.rf 1440.00000000 50349.78094365618969164 0.10000 7 
 fake.rf 1440.00000000 50363.33289997717209729 0.10000 7 
 fake.rf 1440.00000000 50377.76067570049256972 0.10000 7 
 fake.rf 1440.00000000 50391.17762813293367330 0.10000 7 
 fake.rf 1440.00000000 50405.23249941907228688 0.10000 7 
 fake.rf 1440.00000000 50419.05673912642838275 0.10000 7 
 fake.rf 1440.00000000 50433.05593781328752812 0.10000 7 
 fake.rf 1440.00000000 50447.50670218267147504 0.10000 7 
 fake.rf 1440.00000000 50461.08674401490061712 0.10000 7 
 fake.rf 1440.00000000 50475.26954550946023659 0.10000 7 
 fake.rf 1440.00000000 50489.41900954573457128 0.10000 7 
 fake.rf 1440.00000000 50502.94694347504429288 0.10000 7 
 fake.rf 1440.00000000 50516.96334542071103968 0.10000 7 
 fake.rf 1440.00000000 50531.05853589252556901 0.10000 7 
 fake.rf 1440.00000000 50544.98790291182063328 0.10000 7 
 fake.rf 1440.00000000 50558.98349304939131699 0.10000 7 
 fake.rf 1440.00000000 50572.88212478280665252 0.10000 7 
 fake.rf 1440.00000000 50586.81063266596857986 0.10000 7 
 fake.rf 1440.00000000 50600.54286544528441993 0.10000 7 
 fake.rf 1440.00000000 50614.61460151807202124 0.10000 7 
 fake.rf 1440.00000000 50629.11464349947777919 0.10000 7 
 fake.rf 1440.00000000 50642.53438786123636461 0.10000 7 
 fake.rf 1440.00000000 50656.84335734842321131 0.10000 7 
 fake.rf 1440.00000000 50670.85346429579141514 0.10000 7 
 fake.rf 1440.00000000 50684.31341996214543855 0.10000 7 
 fake.rf 1440.00000000 50698.32344260389762525 0.10000 7 
 fake.rf 1440.00000000 50712.31317709930895532 0.10000 7 
 fake.rf 1440.00000000 50726.56792519083521853 0.10000 7 
 fake.rf 1440.00000000 50740.59289812404210807 0.10000 7 
 fake.rf 1440.00000000 50754.72332988785978714 0.10000 7 
 fake.rf 1440.00000000 50768.57038024344510418 0.10000 7 
 fake.rf 1440.00000000 50782.37274249659763825 0.10000 7 
 fake.rf 1440.00000000 50796.09335666002571230 0.10000 7 
 fake.rf 1440.00000000 50810.40640881379254168 0.10000 7 
 fake.rf 1440.00000000 50824.33061622700865456 0.10000 7 
 fake.rf 1440.00000000 50838.14432770889509783 0.10000 7 
 fake.rf 1440.00000000 50852.31984568768064037 0.10000 7 
 fake.rf 1440.00000000 50866.28147785884377896 0.10000 7 
 fake.rf 1440.00000000 50879.91751306946760280 0.10000 7 
 fake.rf 1440.00000000 50894.37796557622409921 0.10000 7 
 fake.rf 1440.00000000 50907.89395865276421915 0.10000 7 
 fake.rf 1440.00000000 50921.71768399611450207 0.10000 7 
 fake.rf 1440.00000000 50935.74429654896760766 0.10000 7 
 fake.rf 1440.00000000 50949.98158427130061554 0.10000 7 
 fake.rf 1440.00000000 50963.93872616032110656 0.10000 7 
 fake.rf 1440.00000000 50977.93293177424941831 0.10000 7 
 fake.rf 1440.00000000 50991.53736901503383905 0.10000 7 
 fake.rf 1440.00000000 51005.43136869490647101 0.10000 7 
 fake.rf 1440.00000000 51019.39230827927307388 0.10000 7 
 fake.rf 1440.00000000 51033.43387104956395817 0.10000 7 
 fake.rf 1440.00000000 51047.43783286201205840 0.10000 7 
 fake.rf 1440.00000000 51061.27037384797677788 0.10000 7 
 fake.rf 1440.00000000 51075.43657368848914757 0.10000 7 
 fake.rf 1440.00000000 51089.78773108254874558 0.10000 7 
 fake.rf 1440.00000000 51103.66860503881141042 0.10000 7 
 fake.rf 1440.00000000 51117.33298660694739013 0.10000 7 
 fake.rf 1440.00000000 51131.73239268724267603 0.10000 7 
 fake.rf 1440.00000000 51145.64122724955565857 0.10000 7 
 fake.rf 1440.00000000 51159.59858296507870534 0.10000 7 
 fake.rf 1440.00000000 51173.39452139818900989 0.10000 7 
 fake.rf 1440.00000000 51187.47201379898871920 0.10000 7 
 fake.rf 1440.00000000 51201.31464592855322948 0.10000 7 
 fake.rf 1440.00000000 51214.95117266974326853 0.10000 7 
 fake.rf 1440.00000000 51229.45417197889720740 0.10000 7 
 fake.rf 1440.00000000 51242.98141565507186357 0.10000 7 
 fake.rf 1440.00000000 51257.24704258140509339 0.10000 7 
 fake.rf 1440.00000000 51270.93531276652561246 0.10000 7 
 fake.rf 1440.00000000 51284.67630046319100856 0.10000 7 
 fake.rf 1440.00000000 51298.94178559250111604 0.10000 7 
 fake.rf 1440.00000000 51312.97098373354812750 0.10000 7 
 fake.rf 1440.00000000 51326.54398336711274098 0.10000 7 
 fake.rf 1440.00000000 51341.03035428474402835 0.10000 7 
 fake.rf 1440.00000000 51354.92150385948565017 0.10000 7 
 fake.rf 1440.00000000 51368.55934205893706590 0.10000 7 
 fake.rf 1440.00000000 51382.65456012512713713 0.10000 7 
 fake.rf 1440.00000000 51396.54107763169555767 0.10000 7 
 fake.rf 1440.00000000 51410.87801421055756634 0.10000 7 
 fake.rf 1440.00000000 51424.61589559004506000 0.10000 7 
 fake.rf 1440.00000000 51438.43463882686193855 0.10000 7 
 fake.rf 1440.00000000 51452.77074108052693191 0.10000 7 
 fake.rf 1440.00000000 51466.58841125657989579 0.10000 7 
 fake.rf 1440.00000000 51480.44934241714327783 0.10000 7 
 fake.rf 1440.00000000 51494.65621167495374166 0.10000 7 
 fake.rf 1440.00000000 51508.67830781430690124 0.10000 7 
 fake.rf 1440.00000000 51522.26195573623865798 0.10000 7 
 fake.rf 1440.00000000 51536.38792504954279750 0.10000 7 
 fake.rf 1440.00000000 51550.11262879947950921 0.10000 7 
 fake.rf 1440.00000000 51564.13390887554393416 0.10000 7 
 fake.rf 1440.00000000 51578.20693879467219389 0.10000 7 
 fake.rf 1440.00000000 51591.92722437056253071 0.10000 7 
 fake.rf 1440.00000000 51605.78266888456615291 0.10000 7 
 fake.rf 1440.00000000 51619.97141732718672458 0.10000 7 
 fake.rf 1440.00000000 51634.23922775060056267 0.10000 7 
 fake.rf 1440.00000000 51647.76942508534769871 0.10000 7 
 fake.rf 1440.00000000 51661.83273221074200166 0.10000 7 
 fake.rf 1440.00000000 51675.66601239225106923 0.10000 7 
 fake.rf 1440.00000000 51690.16672935584168513 0.10000 7 
 fake.rf 1440.00000000 51703.95653271608785317 0.10000 7 
 fake.rf 1440.00000000 51717.56902666598237062 0.10000 7 
 fake.rf 1440.00000000 51731.70678819092820788 0.10000 7 
 fake.rf 1440.00000000 51745.56401577111189027 0.10000 7 
 fake.rf 1440.00000000 51759.45440205650459120 0.10000 7 
 fake.rf 1440.00000000 51773.45009388356026747 0.10000 7 
 fake.rf 1440.00000000 51787.90336376923408324 0.10000 7 
 fake.rf 1440.00000000 51801.46981432750104801 0.10000 7 
 fake.rf 1440.00000000 51815.59895029642512654 0.10000 7 
 fake.rf 1440.00000000 51829.31029712227569206 0.10000 7 
 fake.rf 1440.00000000 51843.25191030514206858 0.10000 7 
 fake.rf 1440.00000000 51857.15715371380786181 0.10000 7 
 fake.rf 1440.00000000 51871.39213651140009276 0.10000 7 
 fake.rf 1440.00000000 51885.04141136303981341 0.10000 7 
 fake.rf 1440.00000000 51899.46921770578173749 0.10000 7 
 fake.rf 1440.00000000 51913.60335768004901880 0.10000 7 
 fake.rf 1440.00000000 51927.49772786485854681 0.10000 7 
 fake.rf 1440.00000000 51941.31918971495344906 0.10000 7 
 fake.rf 1440.00000000 51955.07520370855659309 0.10000 7 
 fake.rf 1440.00000000 51969.13376925322413413 0.10000 7 
 fake.rf 1440.00000000 51983.38482760349451439 0.10000 7 
 fake.rf 1440.00000000 51997.20034770639631816 0.10000 7 
 fake.rf 1440.00000000 52010.70350263564996141 0.10000 7 
 fake.rf 1440.00000000 52024.71307258946633212 0.10000 7 
 fake.rf 1440.00000000 52039.08892998263501184 0.10000 7 
 fake.rf 1440.00000000 52052.81905938319976812 0.10000 7 
 fake.rf 1440.00000000 52067.13466582732410259 0.10000 7 
 fake.rf 1440.00000000 52081.07894662558659249 0.10000 7 
 fake.rf 1440.00000000 52094.91060920491156949 0.10000 7 
 fake.rf 1440.00000000 52108.43105526144238482 0.10000 7 
 fake.rf 1440.00000000 52122.91427912528693867 0.10000 7 
 fake.rf 1440.00000000 52136.57397111019746205 0.10000 7 
 fake.rf 1440.00000000 52150.41180378744175883 0.10000 7 
 fake.rf 1440.00000000 52164.40434860865982714 0.10000 7 
 fake.rf 1440.00000000 52178.62616088572760731 0.10000 7 
 fake.rf 1440.00000000 52192.39260594002301374 0.10000 7 
 fake.rf 1440.00000000 52206.41906866219482808 0.10000 7 
 fake.rf 1440.00000000 52220.46571023865551453 0.10000 7 
 fake.rf 1440.00000000 52234.50349859936143915 0.10000 7 
 fake.rf 1440.00000000 52248.03065667541373429 0.10000 7 
 fake.rf 1440.00000000 52262.49353777917885822 0.10000 7 
 fake.rf 1440.00000000 52276.51116540019857126 0.10000 7 
 fake.rf 1440.00000000 52289.98179293122213096 0.10000 7 
 fake.rf 1440.00000000 52304.05121620873224586 0.10000 7 
 fake.rf 1440.00000000 52318.42301146058434114 0.10000 7 
 fake.rf 1440.00000000 52332.35967140097382355 0.10000 7 
 fake.rf 1440.00000000 52345.93479407738114162 0.10000 7 
 fake.rf 1440.00000000 52360.23918553155236921 0.10000 7 
 fake.rf 1440.00000000 52374.03553339437581826 0.10000 7 
 fake.rf 1440.00000000 52388.07156280423062356 0.10000 7 
 fake.rf 1440.00000000 52401.80607919099686853 0.10000 7 
 fake.rf 1440.00000000 52415.89171152727507774 0.10000 7 
 fake.rf 1440.00000000 52429.78148708217124252 0.10000 7 
 fake.rf 1440.00000000 52443.72405113678654232 0.10000 7 
 fake.rf 1440.00000000 52457.85747948043739797 0.10000 7 
 fake.rf 1440.00000000 52471.49467180165391156 0.10000 7 
 fake.rf 1440.00000000 52485.87225798486405637 0.10000 7 
 fake.rf 1440.00000000 52499.69285222342825037 0.10000 7 
 fake.rf 1440.00000000 52513.31255140440413243 0.10000 7 
 fake.rf 1440.00000000 52527.56002622777568334 0.10000 7 
 fake.rf 1440.00000000 52541.60595922071791364 0.10000 7 
 fake.rf 1440.00000000 52555.74710837739893776 0.10000 7 
 fake.rf 1440.00000000 52569.69250124148171111 0.10000 7 
 fake.rf 1440.00000000 52583.61449300033794074 0.10000 7 
 fake.rf 1440.00000000 52597.11974630395535257 0.10000 7 
 fake.rf 1440.00000000 52611.32517755030452022 0.10000 7 
 fake.rf 1440.00000000 52625.05184045055127484 0.10000 7 
 fake.rf 1440.00000000 52639.28844920152248577 0.10000 7 
 fake.rf 1440.00000000 52653.57874805235573490 0.10000 7 
 fake.rf 1440.00000000 52667.38142540101915046 0.10000 7 
 fake.rf 1440.00000000 52681.18341826486327406 0.10000 7 
 fake.rf 1440.00000000 52695.30815764685855385 0.10000 7 
 fake.rf 1440.00000000 52709.16668867047032165 0.10000 7 
 fake.rf 1440.00000000 52723.14420185185922563 0.10000 7 
 fake.rf 1440.00000000 52736.70992388482794411 0.10000 7 
 fake.rf 1440.00000000 52750.97847619825403243 0.10000 7 
 fake.rf 1440.00000000 52764.93087539336623237 0.10000 7 
 fake.rf 1440.00000000 52778.77661285334594865 0.10000 7 
 fake.rf 1440.00000000 52792.72111601747404919 0.10000 7 
 fake.rf 1440.00000000 52806.50808914871236865 0.10000 7 
 fake.rf 1440.00000000 52821.09474875483138590 0.10000 7 
 fake.rf 1440.00000000 52834.81199440323267780 0.10000 7 
 fake.rf 1440.00000000 52848.72282591454652589 0.10000 7 
 fake.rf 1440.00000000 52862.57082043564194151 0.10000 7 
 fake.rf 1440.00000000 52876.93552286980092703 0.10000 7 
 fake.rf 1440.00000000 52890.35134217145359870 0.10000 7 
 fake.rf 1440.00000000 52904.54142174901032902 0.10000 7 
 fake.rf 1440.00000000 52918.65526976976357432 0.10000 7 
 fake.rf 1440.00000000 52932.59657600413859768 0.10000 7 
 fake.rf 1440.00000000 52946.44458083860478936 0.10000 7 
 fake.rf 1440.00000000 52960.17746309736891064 0.10000 7 
 fake.rf 1440.00000000 52974.20292839334102197 0.10000 7 
 fake.rf 1440.00000000 52988.23030844536670259 0.10000 7 
 fake.rf 1440.00000000 53002.61347628008106270 0.10000 7 
